+-------+-----+-------+-----+------+-----+--------+-----------------------------------------------------+-------+-------+---------+-------+-------+-------+-------+--------+-----------+------------+--------------+------------+
| COUNT | 1XX |  2XX  | 3XX | 4XX  | 5XX | METHOD |                         URI                         |  MIN  |  MAX  |   SUM   |  AVG  |  P90  |  P95  |  P99  | STDDEV | MIN(BODY) | MAX(BODY)  |  SUM(BODY)   | AVG(BODY)  |
+-------+-----+-------+-----+------+-----+--------+-----------------------------------------------------+-------+-------+---------+-------+-------+-------+-------+--------+-----------+------------+--------------+------------+
| 74123 | 0   | 72357 | 0   | 1766 | 0   | POST   | /api/condition/[0-9a-f\-]{36}$                      | 0.004 | 0.112 | 336.720 | 0.005 | 0.004 | 0.024 | 0.100 | 0.017  | 0.000     | 14.000     | 70.000       | 0.001      |
| 506   | 0   | 276   | 0   | 230  | 0   | GET    | /api/isu                                            | 0.160 | 1.008 | 259.856 | 0.514 | 1.000 | 1.000 | 1.004 | 0.418  | 0.000     | 4585.000   | 685476.000   | 1354.696   |
| 1290  | 0   | 982   | 0   | 308  | 0   | GET    | /api/condition/[0-9a-f\-]{36}$                      | 0.012 | 1.492 | 116.704 | 0.090 | 0.208 | 0.272 | 0.516 | 0.118  | 14.000    | 7183.000   | 5323538.000  | 4126.774   |
| 80    | 0   | 20    | 0   | 60   | 0   | GET    | /api/trend                                          | 0.020 | 1.004 | 67.336  | 0.842 | 1.000 | 1.000 | 1.004 | 0.314  | 0.000     | 8172.000   | 119667.000   | 1495.838   |
| 1834  | 0   | 1699  | 0   | 135  | 0   | GET    | /api/isu/[0-9a-f\-]{36}/icon$                       | 1.432 | 3.000 | 51.192  | 0.028 | 0.064 | 0.092 | 0.220 | 0.098  | 0.000     | 135259.000 | 43034130.000 | 23464.629  |
| 446   | 0   | 228   | 0   | 218  | 0   | GET    | /api/isu/[0-9a-f\-]{36}/graph$                      | 0.048 | 1.000 | 26.416  | 0.059 | 0.132 | 0.176 | 0.340 | 0.097  | 0.000     | 7726.000   | 1081319.000  | 2424.482   |
| 405   | 0   | 270   | 0   | 135  | 0   | GET    | /api/isu/[0-9a-f\-]{36}$                            | 0.356 | 1.000 | 9.812   | 0.024 | 0.056 | 0.108 | 0.252 | 0.071  | 0.000     | 145.000    | 38638.000    | 95.402     |
| 551   | 0   | 189   | 0   | 362  | 0   | POST   | /api/auth                                           | 0.000 | 1.000 | 7.584   | 0.014 | 0.016 | 0.032 | 0.320 | 0.075  | 0.000     | 19.000     | 4140.000     | 7.514      |
| 55    | 0   | 51    | 0   | 4    | 0   | POST   | /api/isu                                            | 0.004 | 0.152 | 3.232   | 0.059 | 0.072 | 0.084 | 0.152 | 0.022  | 15.000    | 145.000    | 6977.000     | 126.855    |
| 142   | 0   | 53    | 0   | 89   | 0   | GET    | /api/user/me                                        | 0.000 | 1.000 | 2.020   | 0.014 | 0.016 | 0.036 | 0.300 | 0.088  | 21.000    | 46.000     | 3918.000     | 27.592     |
| 92    | 0   | 45    | 0   | 47   | 0   | POST   | /api/signout                                        | 0.000 | 0.072 | 0.640   | 0.007 | 0.024 | 0.040 | 0.072 | 0.014  | 21.000    | 21.000     | 987.000      | 10.728     |
| 162   | 0   | 77    | 85  | 0    | 0   | GET    | /assets/vendor.ee7444dd.js                          | 0.000 | 0.012 | 0.296   | 0.002 | 0.004 | 0.004 | 0.012 | 0.003  | 0.000     | 743417.000 | 57243109.000 | 353352.525 |
| 1     | 0   | 1     | 0   | 0    | 0   | POST   | /initialize                                         | 0.196 | 0.196 | 0.196   | 0.196 | 0.196 | 0.196 | 0.196 | 0.000  | 23.000    | 23.000     | 23.000       | 23.000     |
| 162   | 0   | 80    | 82  | 0    | 0   | GET    | /assets/favicon.d0f5f504.svg                        | 0.000 | 0.008 | 0.172   | 0.001 | 0.004 | 0.004 | 0.008 | 0.002  | 0.000     | 592.000    | 47360.000    | 292.346    |
| 162   | 0   | 79    | 83  | 0    | 0   | GET    | /assets/index.23dac98b.js                           | 0.000 | 0.008 | 0.164   | 0.001 | 0.004 | 0.004 | 0.008 | 0.002  | 0.000     | 26667.000  | 2106693.000  | 13004.278  |
| 162   | 0   | 76    | 86  | 0    | 0   | GET    | /assets/index.144d8ca8.css                          | 0.000 | 0.008 | 0.156   | 0.001 | 0.004 | 0.004 | 0.008 | 0.002  | 0.000     | 19066.000  | 1449016.000  | 8944.543   |
| 184   | 0   | 133   | 51  | 0    | 0   | GET    | /                                                   | 0.000 | 0.008 | 0.096   | 0.001 | 0.004 | 0.004 | 0.004 | 0.001  | 0.000     | 528.000    | 70224.000    | 381.652    |
| 162   | 0   | 78    | 84  | 0    | 0   | GET    | /assets/logo_white.svg                              | 0.000 | 0.004 | 0.048   | 0.000 | 0.000 | 0.004 | 0.004 | 0.001  | 0.000     | 3285.000   | 256230.000   | 1581.667   |
| 82    | 0   | 75    | 7   | 0    | 0   | GET    | /assets/logo_orange.svg                             | 0.000 | 0.004 | 0.028   | 0.000 | 0.000 | 0.004 | 0.004 | 0.001  | 3288.000  | 3288.000   | 246600.000   | 3007.317   |
| 3     | 0   | 1     | 2   | 0    | 0   | GET    | /isu/8fb74e6e-4f8d-4a33-9862-dbcdc0712c7e/condition | 0.000 | 0.004 | 0.004   | 0.001 | 0.004 | 0.004 | 0.004 | 0.002  | 0.000     | 528.000    | 528.000      | 176.000    |
| 1     | 0   | 1     | 0   | 0    | 0   | GET    | /isu/c648b087-fe00-4ea2-a524-b2e80555893f           | 0.004 | 0.004 | 0.004   | 0.004 | 0.004 | 0.004 | 0.004 | 0.000  | 528.000   | 528.000    | 528.000      | 528.000    |
| 1     | 0   | 1     | 0   | 0    | 0   | GET    | /isu/b82dcff4-8fae-4773-9956-22ab354adb7e/graph     | 0.004 | 0.004 | 0.004   | 0.004 | 0.004 | 0.004 | 0.004 | 0.000  | 528.000   | 528.000    | 528.000      | 528.000    |
| 3     | 0   | 1     | 2   | 0    | 0   | GET    | /isu/eb104b95-3532-4828-8550-89da717b9667/condition | 0.000 | 0.000 | 0.000   | 0.000 | 0.000 | 0.000 | 0.000 | 0.000  | 0.000     | 528.000    | 528.000      | 176.000    |
| 1     | 0   | 1     | 0   | 0    | 0   | GET    | /isu/15063e10-26fc-4dac-ae3a-1f195e0c6c4a/graph     | 0.000 | 0.000 | 0.000   | 0.000 | 0.000 | 0.000 | 0.000 | 0.000  | 528.000   | 528.000    | 528.000      | 528.000    |
| 3     | 0   | 1     | 2   | 0    | 0   | GET    | /isu/8469e6f6-0d29-4052-87cf-dd9bfde45014/condition | 0.000 | 0.000 | 0.000   | 0.000 | 0.000 | 0.000 | 0.000 | 0.000  | 0.000     | 528.000    | 528.000      | 176.000    |
| 1     | 0   | 1     | 0   | 0    | 0   | GET    | /isu/8fb74e6e-4f8d-4a33-9862-dbcdc0712c7e           | 0.000 | 0.000 | 0.000   | 0.000 | 0.000 | 0.000 | 0.000 | 0.000  | 528.000   | 528.000    | 528.000      | 528.000    |
| 1     | 0   | 1     | 0   | 0    | 0   | GET    | /isu/8fb74e6e-4f8d-4a33-9862-dbcdc0712c7e/graph     | 0.000 | 0.000 | 0.000   | 0.000 | 0.000 | 0.000 | 0.000 | 0.000  | 528.000   | 528.000    | 528.000      | 528.000    |
| 1     | 0   | 1     | 0   | 0    | 0   | GET    | /isu/8469e6f6-0d29-4052-87cf-dd9bfde45014           | 0.000 | 0.000 | 0.000   | 0.000 | 0.000 | 0.000 | 0.000 | 0.000  | 528.000   | 528.000    | 528.000      | 528.000    |
| 1     | 0   | 1     | 0   | 0    | 0   | GET    | /isu/b82dcff4-8fae-4773-9956-22ab354adb7e           | 0.000 | 0.000 | 0.000   | 0.000 | 0.000 | 0.000 | 0.000 | 0.000  | 528.000   | 528.000    | 528.000      | 528.000    |
| 3     | 0   | 1     | 2   | 0    | 0   | GET    | /isu/15063e10-26fc-4dac-ae3a-1f195e0c6c4a/condition | 0.000 | 0.000 | 0.000   | 0.000 | 0.000 | 0.000 | 0.000 | 0.000  | 0.000     | 528.000    | 528.000      | 176.000    |
| 3     | 0   | 2     | 1   | 0    | 0   | GET    | /isu/b82dcff4-8fae-4773-9956-22ab354adb7e/condition | 0.000 | 0.000 | 0.000   | 0.000 | 0.000 | 0.000 | 0.000 | 0.000  | 0.000     | 528.000    | 1056.000     | 352.000    |
| 1     | 0   | 1     | 0   | 0    | 0   | GET    | /isu/8469e6f6-0d29-4052-87cf-dd9bfde45014/graph     | 0.000 | 0.000 | 0.000   | 0.000 | 0.000 | 0.000 | 0.000 | 0.000  | 528.000   | 528.000    | 528.000      | 528.000    |
| 1     | 0   | 1     | 0   | 0    | 0   | GET    | /isu/15063e10-26fc-4dac-ae3a-1f195e0c6c4a           | 0.000 | 0.000 | 0.000   | 0.000 | 0.000 | 0.000 | 0.000 | 0.000  | 528.000   | 528.000    | 528.000      | 528.000    |
| 1     | 0   | 1     | 0   | 0    | 0   | GET    | /isu/c648b087-fe00-4ea2-a524-b2e80555893f/graph     | 0.000 | 0.000 | 0.000   | 0.000 | 0.000 | 0.000 | 0.000 | 0.000  | 528.000   | 528.000    | 528.000      | 528.000    |
| 3     | 0   | 1     | 2   | 0    | 0   | GET    | /isu/c648b087-fe00-4ea2-a524-b2e80555893f/condition | 0.000 | 0.000 | 0.000   | 0.000 | 0.000 | 0.000 | 0.000 | 0.000  | 0.000     | 528.000    | 528.000      | 176.000    |
| 1     | 0   | 1     | 0   | 0    | 0   | GET    | /isu/eb104b95-3532-4828-8550-89da717b9667/graph     | 0.000 | 0.000 | 0.000   | 0.000 | 0.000 | 0.000 | 0.000 | 0.000  | 528.000   | 528.000    | 528.000      | 528.000    |
| 3     | 0   | 1     | 2   | 0    | 0   | GET    | /register                                           | 0.000 | 0.000 | 0.000   | 0.000 | 0.000 | 0.000 | 0.000 | 0.000  | 0.000     | 528.000    | 528.000      | 176.000    |
| 1     | 0   | 1     | 0   | 0    | 0   | GET    | /isu/eb104b95-3532-4828-8550-89da717b9667           | 0.000 | 0.000 | 0.000   | 0.000 | 0.000 | 0.000 | 0.000 | 0.000  | 528.000   | 528.000    | 528.000      | 528.000    |
| 1     | 0   | 0     | 0   | 1    | 0   | GET    | /login                                              | 0.000 | 0.000 | 0.000   | 0.000 | 0.000 | 0.000 | 0.000 | 0.000  | 71.000    | 71.000     | 71.000       | 71.000     |
+-------+-----+-------+-----+------+-----+--------+-----------------------------------------------------+-------+-------+---------+-------+-------+-------+-------+--------+-----------+------------+--------------+------------+
