+--------+-----+--------+------+------+-----+--------+-----------------------------------------------------+-------+-------+----------+-------+-------+-------+-------+--------+------------+------------+---------------+-----------+
| COUNT  | 1XX |  2XX   | 3XX  | 4XX  | 5XX | METHOD |                         URI                         |  MIN  |  MAX  |   SUM    |  AVG  |  P90  |  P95  |  P99  | STDDEV | MIN(BODY)  | MAX(BODY)  |   SUM(BODY)   | AVG(BODY) |
+--------+-----+--------+------+------+-----+--------+-----------------------------------------------------+-------+-------+----------+-------+-------+-------+-------+--------+------------+------------+---------------+-----------+
| 195495 | 0   | 190931 | 0    | 4564 | 0   | POST   | /api/condition/[0-9a-f\-]{36}$                      | 0.008 | 0.148 | 1426.004 | 0.007 | 0.016 | 0.044 | 0.100 | 0.019  | 0.000      | 14.000     | 168.000       | 0.001     |
| 9822   | 0   | 9713   | 0    | 109  | 0   | GET    | /api/trend                                          | 0.004 | 1.056 | 979.172  | 0.100 | 0.252 | 0.400 | 1.000 | 0.164  | 0.000      | 18679.000  | 115132937.000 | 11721.944 |
| 10335  | 0   | 10136  | 0    | 199  | 0   | GET    | /api/isu/[0-9a-f\-]{36}/icon$                       | 0.004 | 1.004 | 721.512  | 0.070 | 0.196 | 0.368 | 0.928 | 0.154  | 0.000      | 135259.000 | 265448672.000 | 25684.439 |
| 3977   | 0   | 3635   | 0    | 342  | 0   | GET    | /api/condition/[0-9a-f\-]{36}$                      | 0.008 | 1.252 | 559.720  | 0.141 | 0.432 | 0.696 | 1.000 | 0.227  | 0.000      | 7363.000   | 19026914.000  | 4784.238  |
| 1491   | 0   | 1301   | 0    | 190  | 0   | GET    | /api/isu/[0-9a-f\-]{36}/graph$                      | 0.004 | 1.004 | 161.480  | 0.108 | 0.304 | 0.524 | 1.000 | 0.189  | 0.000      | 7604.000   | 5907237.000   | 3961.930  |
| 1660   | 0   | 1605   | 0    | 55   | 0   | GET    | /api/isu                                            | 0.004 | 1.824 | 150.428  | 0.091 | 0.232 | 0.416 | 1.000 | 0.168  | 0.000      | 4783.000   | 4273112.000   | 2574.164  |
| 1723   | 0   | 1609   | 0    | 114  | 0   | GET    | /api/isu/[0-9a-f\-]{36}$                            | 0.004 | 1.012 | 128.844  | 0.075 | 0.216 | 0.376 | 0.884 | 0.155  | 0.000      | 160.000    | 224291.000    | 130.175   |
| 201    | 0   | 196    | 0    | 5    | 0   | POST   | /api/isu                                            | 0.004 | 1.004 | 28.308   | 0.141 | 0.304 | 0.464 | 0.636 | 0.141  | 131.000    | 160.000    | 27289.000     | 135.766   |
| 9892   | 0   | 438    | 9454 | 0    | 0   | GET    | /assets/vendor.ee7444dd.js                          | 0.004 | 0.068 | 27.608   | 0.003 | 0.004 | 0.008 | 0.024 | 0.005  | 743417.000 | 743417.000 | 325616646.000 | 32917.170 |
| 9892   | 0   | 437    | 9455 | 0    | 0   | GET    | /assets/favicon.d0f5f504.svg                        | 0.000 | 0.064 | 24.884   | 0.003 | 0.004 | 0.008 | 0.020 | 0.004  | 0.000      | 592.000    | 258704.000    | 26.153    |
| 9892   | 0   | 440    | 9452 | 0    | 0   | GET    | /assets/index.23dac98b.js                           | 0.004 | 0.064 | 24.672   | 0.002 | 0.004 | 0.008 | 0.020 | 0.004  | 0.000      | 26667.000  | 11733480.000  | 1186.159  |
| 9892   | 0   | 428    | 9464 | 0    | 0   | GET    | /assets/index.144d8ca8.css                          | 0.000 | 0.068 | 24.280   | 0.002 | 0.004 | 0.008 | 0.020 | 0.004  | 0.000      | 19066.000  | 8160248.000   | 824.934   |
| 9824   | 0   | 439    | 9385 | 0    | 0   | GET    | /assets/logo_orange.svg                             | 0.004 | 0.044 | 22.712   | 0.002 | 0.004 | 0.008 | 0.020 | 0.004  | 3288.000   | 3288.000   | 1443432.000   | 146.929   |
| 10155  | 0   | 729    | 9426 | 0    | 0   | GET    | /                                                   | 0.000 | 0.048 | 22.556   | 0.002 | 0.004 | 0.008 | 0.016 | 0.004  | 528.000    | 528.000    | 384912.000    | 37.904    |
| 9892   | 0   | 430    | 9462 | 0    | 0   | GET    | /assets/logo_white.svg                              | 0.004 | 0.072 | 22.500   | 0.002 | 0.004 | 0.008 | 0.020 | 0.004  | 3285.000   | 3285.000   | 1412550.000   | 142.797   |
| 659    | 0   | 395    | 0    | 264  | 0   | POST   | /api/auth                                           | 0.004 | 2.508 | 21.824   | 0.033 | 0.056 | 0.120 | 0.584 | 0.142  | 0.000      | 19.000     | 3036.000      | 4.607     |
| 584    | 0   | 293    | 0    | 291  | 0   | GET    | /api/user/me                                        | 0.132 | 1.000 | 10.496   | 0.018 | 0.028 | 0.072 | 0.316 | 0.067  | 0.000      | 46.000     | 16835.000     | 28.827    |
| 294    | 0   | 258    | 0    | 36   | 0   | POST   | /api/signout                                        | 0.004 | 1.000 | 10.012   | 0.034 | 0.068 | 0.144 | 0.624 | 0.104  | 0.000      | 21.000     | 735.000       | 2.500     |
| 1      | 0   | 1      | 0    | 0    | 0   | POST   | /initialize                                         | 0.248 | 0.248 | 0.248    | 0.248 | 0.248 | 0.248 | 0.248 | 0.000  | 23.000     | 23.000     | 23.000        | 23.000    |
| 3      | 0   | 2      | 1    | 0    | 0   | GET    | /isu/8469e6f6-0d29-4052-87cf-dd9bfde45014/condition | 0.004 | 0.004 | 0.008    | 0.003 | 0.004 | 0.004 | 0.004 | 0.002  | 0.000      | 528.000    | 1056.000      | 352.000   |
| 1      | 0   | 1      | 0    | 0    | 0   | GET    | /isu/15063e10-26fc-4dac-ae3a-1f195e0c6c4a/graph     | 0.004 | 0.004 | 0.004    | 0.004 | 0.004 | 0.004 | 0.004 | 0.000  | 528.000    | 528.000    | 528.000       | 528.000   |
| 3      | 0   | 1      | 2    | 0    | 0   | GET    | /register                                           | 0.004 | 0.004 | 0.004    | 0.001 | 0.004 | 0.004 | 0.004 | 0.002  | 0.000      | 528.000    | 528.000       | 176.000   |
| 3      | 0   | 2      | 1    | 0    | 0   | GET    | /isu/15063e10-26fc-4dac-ae3a-1f195e0c6c4a/condition | 0.000 | 0.000 | 0.000    | 0.000 | 0.000 | 0.000 | 0.000 | 0.000  | 0.000      | 528.000    | 1056.000      | 352.000   |
| 1      | 0   | 1      | 0    | 0    | 0   | GET    | /isu/8469e6f6-0d29-4052-87cf-dd9bfde45014/graph     | 0.000 | 0.000 | 0.000    | 0.000 | 0.000 | 0.000 | 0.000 | 0.000  | 528.000    | 528.000    | 528.000       | 528.000   |
| 3      | 0   | 1      | 2    | 0    | 0   | GET    | /isu/eb104b95-3532-4828-8550-89da717b9667/condition | 0.000 | 0.000 | 0.000    | 0.000 | 0.000 | 0.000 | 0.000 | 0.000  | 0.000      | 528.000    | 528.000       | 176.000   |
| 1      | 0   | 1      | 0    | 0    | 0   | GET    | /isu/15063e10-26fc-4dac-ae3a-1f195e0c6c4a           | 0.000 | 0.000 | 0.000    | 0.000 | 0.000 | 0.000 | 0.000 | 0.000  | 528.000    | 528.000    | 528.000       | 528.000   |
| 1      | 0   | 1      | 0    | 0    | 0   | GET    | /isu/eb104b95-3532-4828-8550-89da717b9667           | 0.000 | 0.000 | 0.000    | 0.000 | 0.000 | 0.000 | 0.000 | 0.000  | 528.000    | 528.000    | 528.000       | 528.000   |
| 3      | 0   | 1      | 2    | 0    | 0   | GET    | /isu/8fb74e6e-4f8d-4a33-9862-dbcdc0712c7e/condition | 0.000 | 0.000 | 0.000    | 0.000 | 0.000 | 0.000 | 0.000 | 0.000  | 0.000      | 528.000    | 528.000       | 176.000   |
| 1      | 0   | 1      | 0    | 0    | 0   | GET    | /isu/8469e6f6-0d29-4052-87cf-dd9bfde45014           | 0.000 | 0.000 | 0.000    | 0.000 | 0.000 | 0.000 | 0.000 | 0.000  | 528.000    | 528.000    | 528.000       | 528.000   |
| 1      | 0   | 1      | 0    | 0    | 0   | GET    | /isu/eb104b95-3532-4828-8550-89da717b9667/graph     | 0.000 | 0.000 | 0.000    | 0.000 | 0.000 | 0.000 | 0.000 | 0.000  | 528.000    | 528.000    | 528.000       | 528.000   |
| 3      | 0   | 1      | 2    | 0    | 0   | GET    | /isu/b82dcff4-8fae-4773-9956-22ab354adb7e/condition | 0.000 | 0.000 | 0.000    | 0.000 | 0.000 | 0.000 | 0.000 | 0.000  | 0.000      | 528.000    | 528.000       | 176.000   |
| 1      | 0   | 1      | 0    | 0    | 0   | GET    | /isu/b82dcff4-8fae-4773-9956-22ab354adb7e/graph     | 0.000 | 0.000 | 0.000    | 0.000 | 0.000 | 0.000 | 0.000 | 0.000  | 528.000    | 528.000    | 528.000       | 528.000   |
| 1      | 0   | 1      | 0    | 0    | 0   | GET    | /isu/cab99f63-bb3a-4648-b6df-376396f2c7ab           | 0.000 | 0.000 | 0.000    | 0.000 | 0.000 | 0.000 | 0.000 | 0.000  | 528.000    | 528.000    | 528.000       | 528.000   |
| 1      | 0   | 1      | 0    | 0    | 0   | GET    | /isu/cab99f63-bb3a-4648-b6df-376396f2c7ab/graph     | 0.000 | 0.000 | 0.000    | 0.000 | 0.000 | 0.000 | 0.000 | 0.000  | 528.000    | 528.000    | 528.000       | 528.000   |
| 3      | 0   | 1      | 2    | 0    | 0   | GET    | /isu/cab99f63-bb3a-4648-b6df-376396f2c7ab/condition | 0.000 | 0.000 | 0.000    | 0.000 | 0.000 | 0.000 | 0.000 | 0.000  | 0.000      | 528.000    | 528.000       | 176.000   |
| 1      | 0   | 1      | 0    | 0    | 0   | GET    | /isu/8fb74e6e-4f8d-4a33-9862-dbcdc0712c7e           | 0.000 | 0.000 | 0.000    | 0.000 | 0.000 | 0.000 | 0.000 | 0.000  | 528.000    | 528.000    | 528.000       | 528.000   |
| 1      | 0   | 1      | 0    | 0    | 0   | GET    | /isu/b82dcff4-8fae-4773-9956-22ab354adb7e           | 0.000 | 0.000 | 0.000    | 0.000 | 0.000 | 0.000 | 0.000 | 0.000  | 528.000    | 528.000    | 528.000       | 528.000   |
| 1      | 0   | 1      | 0    | 0    | 0   | GET    | /isu/8fb74e6e-4f8d-4a33-9862-dbcdc0712c7e/graph     | 0.000 | 0.000 | 0.000    | 0.000 | 0.000 | 0.000 | 0.000 | 0.000  | 528.000    | 528.000    | 528.000       | 528.000   |
+--------+-----+--------+------+------+-----+--------+-----------------------------------------------------+-------+-------+----------+-------+-------+-------+-------+--------+------------+------------+---------------+-----------+
