+-------+-----+-------+-----+------+-----+--------+-----------------------------------------------------+-------+-------+---------+-------+-------+-------+-------+--------+------------+------------+--------------+------------+
| COUNT | 1XX |  2XX  | 3XX | 4XX  | 5XX | METHOD |                         URI                         |  MIN  |  MAX  |   SUM   |  AVG  |  P90  |  P95  |  P99  | STDDEV | MIN(BODY)  | MAX(BODY)  |  SUM(BODY)   | AVG(BODY)  |
+-------+-----+-------+-----+------+-----+--------+-----------------------------------------------------+-------+-------+---------+-------+-------+-------+-------+--------+------------+------------+--------------+------------+
| 74553 | 0   | 73306 | 0   | 1247 | 0   | POST   | /api/condition/[0-9a-f\-]{36}$                      | 0.004 | 0.124 | 326.180 | 0.004 | 0.004 | 0.024 | 0.100 | 0.016  | 0.000      | 14.000     | 84.000       | 0.001      |
| 479   | 0   | 247   | 0   | 232  | 0   | GET    | /api/isu                                            | 0.084 | 1.004 | 237.372 | 0.496 | 1.000 | 1.000 | 1.004 | 0.436  | 0.000      | 10000.000  | 564910.000   | 1179.353   |
| 1181  | 0   | 812   | 0   | 369  | 0   | GET    | /api/condition/[0-9a-f\-]{36}$                      | 0.064 | 1.000 | 128.884 | 0.109 | 0.244 | 0.312 | 0.576 | 0.120  | 0.000      | 6981.000   | 4373258.000  | 3703.013   |
| 81    | 0   | 20    | 0   | 61   | 0   | GET    | /api/trend                                          | 0.020 | 1.004 | 68.236  | 0.842 | 1.000 | 1.000 | 1.004 | 0.304  | 0.000      | 8105.000   | 119681.000   | 1477.543   |
| 1569  | 0   | 1410  | 0   | 159  | 0   | GET    | /api/isu/[0-9a-f\-]{36}/icon$                       | 0.804 | 1.000 | 60.424  | 0.039 | 0.100 | 0.148 | 0.252 | 0.061  | 0.000      | 135259.000 | 34688392.000 | 22108.599  |
| 488   | 0   | 225   | 0   | 263  | 0   | GET    | /api/isu/[0-9a-f\-]{36}/graph$                      | 0.136 | 1.004 | 32.096  | 0.066 | 0.192 | 0.220 | 0.328 | 0.099  | 0.000      | 7091.000   | 1049221.000  | 2150.043   |
| 396   | 0   | 237   | 0   | 159  | 0   | GET    | /api/isu/[0-9a-f\-]{36}$                            | 0.392 | 1.740 | 11.208  | 0.028 | 0.068 | 0.096 | 0.228 | 0.096  | 14.000     | 148.000    | 35031.000    | 88.462     |
| 635   | 0   | 211   | 0   | 424  | 0   | POST   | /api/auth                                           | 0.004 | 0.580 | 5.748   | 0.009 | 0.020 | 0.048 | 0.120 | 0.031  | 0.000      | 19.000     | 4876.000     | 7.679      |
| 55    | 0   | 51    | 0   | 4    | 0   | POST   | /api/isu                                            | 0.004 | 0.108 | 3.240   | 0.059 | 0.068 | 0.080 | 0.108 | 0.018  | 15.000     | 148.000    | 7048.000     | 128.145    |
| 147   | 0   | 52    | 0   | 95   | 0   | GET    | /api/user/me                                        | 0.472 | 0.472 | 1.284   | 0.009 | 0.016 | 0.032 | 0.180 | 0.042  | 21.000     | 43.000     | 3945.000     | 26.837     |
| 99    | 0   | 44    | 0   | 55   | 0   | POST   | /api/signout                                        | 0.088 | 0.180 | 0.880   | 0.009 | 0.016 | 0.040 | 0.180 | 0.027  | 0.000      | 21.000     | 1155.000     | 11.667     |
| 193   | 0   | 81    | 112 | 0    | 0   | GET    | /assets/vendor.ee7444dd.js                          | 0.000 | 0.016 | 0.264   | 0.001 | 0.004 | 0.004 | 0.012 | 0.003  | 743417.000 | 743417.000 | 60216777.000 | 312004.026 |
| 1     | 0   | 1     | 0   | 0    | 0   | POST   | /initialize                                         | 0.264 | 0.264 | 0.264   | 0.264 | 0.264 | 0.264 | 0.264 | 0.000  | 23.000     | 23.000     | 23.000       | 23.000     |
| 191   | 0   | 77    | 114 | 0    | 0   | GET    | /assets/favicon.d0f5f504.svg                        | 0.000 | 0.008 | 0.144   | 0.001 | 0.004 | 0.004 | 0.008 | 0.002  | 592.000    | 592.000    | 45584.000    | 238.660    |
| 191   | 0   | 78    | 113 | 0    | 0   | GET    | /assets/index.144d8ca8.css                          | 0.000 | 0.008 | 0.132   | 0.001 | 0.004 | 0.004 | 0.004 | 0.002  | 19066.000  | 19066.000  | 1487148.000  | 7786.115   |
| 193   | 0   | 81    | 112 | 0    | 0   | GET    | /assets/index.23dac98b.js                           | 0.000 | 0.008 | 0.132   | 0.001 | 0.004 | 0.004 | 0.008 | 0.002  | 26667.000  | 26667.000  | 2160027.000  | 11191.850  |
| 191   | 0   | 75    | 116 | 0    | 0   | GET    | /assets/logo_white.svg                              | 0.000 | 0.008 | 0.100   | 0.001 | 0.004 | 0.004 | 0.008 | 0.001  | 3285.000   | 3285.000   | 246375.000   | 1289.921   |
| 191   | 0   | 127   | 64  | 0    | 0   | GET    | /                                                   | 0.000 | 0.004 | 0.064   | 0.000 | 0.000 | 0.004 | 0.004 | 0.001  | 528.000    | 528.000    | 67056.000    | 351.079    |
| 83    | 0   | 76    | 7   | 0    | 0   | GET    | /assets/logo_orange.svg                             | 0.000 | 0.008 | 0.044   | 0.001 | 0.004 | 0.004 | 0.008 | 0.002  | 3288.000   | 3288.000   | 249888.000   | 3010.699   |
| 1     | 0   | 1     | 0   | 0    | 0   | GET    | /isu/96263833-a65e-4607-8403-a0c49e2c7112           | 0.004 | 0.004 | 0.004   | 0.004 | 0.004 | 0.004 | 0.004 | 0.000  | 528.000    | 528.000    | 528.000      | 528.000    |
| 3     | 0   | 2     | 1   | 0    | 0   | GET    | /isu/8fb74e6e-4f8d-4a33-9862-dbcdc0712c7e/condition | 0.000 | 0.000 | 0.000   | 0.000 | 0.000 | 0.000 | 0.000 | 0.000  | 0.000      | 528.000    | 1056.000     | 352.000    |
| 1     | 0   | 1     | 0   | 0    | 0   | GET    | /isu/2fbbb42f-287a-40f7-8432-ea1d8dd9afd6           | 0.000 | 0.000 | 0.000   | 0.000 | 0.000 | 0.000 | 0.000 | 0.000  | 528.000    | 528.000    | 528.000      | 528.000    |
| 1     | 0   | 1     | 0   | 0    | 0   | GET    | /isu/8fb74e6e-4f8d-4a33-9862-dbcdc0712c7e           | 0.000 | 0.000 | 0.000   | 0.000 | 0.000 | 0.000 | 0.000 | 0.000  | 528.000    | 528.000    | 528.000      | 528.000    |
| 1     | 0   | 1     | 0   | 0    | 0   | GET    | /isu/8fb74e6e-4f8d-4a33-9862-dbcdc0712c7e/graph     | 0.000 | 0.000 | 0.000   | 0.000 | 0.000 | 0.000 | 0.000 | 0.000  | 528.000    | 528.000    | 528.000      | 528.000    |
| 1     | 0   | 1     | 0   | 0    | 0   | GET    | /isu/8469e6f6-0d29-4052-87cf-dd9bfde45014/graph     | 0.000 | 0.000 | 0.000   | 0.000 | 0.000 | 0.000 | 0.000 | 0.000  | 528.000    | 528.000    | 528.000      | 528.000    |
| 1     | 0   | 1     | 0   | 0    | 0   | GET    | /isu/b82dcff4-8fae-4773-9956-22ab354adb7e           | 0.000 | 0.000 | 0.000   | 0.000 | 0.000 | 0.000 | 0.000 | 0.000  | 528.000    | 528.000    | 528.000      | 528.000    |
| 1     | 0   | 1     | 0   | 0    | 0   | GET    | /isu/b82dcff4-8fae-4773-9956-22ab354adb7e/graph     | 0.000 | 0.000 | 0.000   | 0.000 | 0.000 | 0.000 | 0.000 | 0.000  | 528.000    | 528.000    | 528.000      | 528.000    |
| 3     | 0   | 2     | 1   | 0    | 0   | GET    | /isu/b82dcff4-8fae-4773-9956-22ab354adb7e/condition | 0.000 | 0.000 | 0.000   | 0.000 | 0.000 | 0.000 | 0.000 | 0.000  | 0.000      | 528.000    | 1056.000     | 352.000    |
| 1     | 0   | 1     | 0   | 0    | 0   | GET    | /isu/eb104b95-3532-4828-8550-89da717b9667           | 0.000 | 0.000 | 0.000   | 0.000 | 0.000 | 0.000 | 0.000 | 0.000  | 528.000    | 528.000    | 528.000      | 528.000    |
| 1     | 0   | 1     | 0   | 0    | 0   | GET    | /isu/eb104b95-3532-4828-8550-89da717b9667/graph     | 0.000 | 0.000 | 0.000   | 0.000 | 0.000 | 0.000 | 0.000 | 0.000  | 528.000    | 528.000    | 528.000      | 528.000    |
| 3     | 0   | 1     | 2   | 0    | 0   | GET    | /isu/eb104b95-3532-4828-8550-89da717b9667/condition | 0.000 | 0.000 | 0.000   | 0.000 | 0.000 | 0.000 | 0.000 | 0.000  | 0.000      | 528.000    | 528.000      | 176.000    |
| 1     | 0   | 1     | 0   | 0    | 0   | GET    | /isu/8469e6f6-0d29-4052-87cf-dd9bfde45014           | 0.000 | 0.000 | 0.000   | 0.000 | 0.000 | 0.000 | 0.000 | 0.000  | 528.000    | 528.000    | 528.000      | 528.000    |
| 1     | 0   | 1     | 0   | 0    | 0   | GET    | /isu/c39e23ec-1681-4251-bd08-d082b882a74b           | 0.000 | 0.000 | 0.000   | 0.000 | 0.000 | 0.000 | 0.000 | 0.000  | 528.000    | 528.000    | 528.000      | 528.000    |
| 1     | 0   | 1     | 0   | 0    | 0   | GET    | /isu/c39e23ec-1681-4251-bd08-d082b882a74b/graph     | 0.000 | 0.000 | 0.000   | 0.000 | 0.000 | 0.000 | 0.000 | 0.000  | 528.000    | 528.000    | 528.000      | 528.000    |
| 3     | 0   | 1     | 2   | 0    | 0   | GET    | /isu/c39e23ec-1681-4251-bd08-d082b882a74b/condition | 0.000 | 0.000 | 0.000   | 0.000 | 0.000 | 0.000 | 0.000 | 0.000  | 0.000      | 528.000    | 528.000      | 176.000    |
| 3     | 0   | 2     | 1   | 0    | 0   | GET    | /isu/8469e6f6-0d29-4052-87cf-dd9bfde45014/condition | 0.000 | 0.000 | 0.000   | 0.000 | 0.000 | 0.000 | 0.000 | 0.000  | 0.000      | 528.000    | 1056.000     | 352.000    |
| 1     | 0   | 1     | 0   | 0    | 0   | GET    | /isu/2fbbb42f-287a-40f7-8432-ea1d8dd9afd6/graph     | 0.000 | 0.000 | 0.000   | 0.000 | 0.000 | 0.000 | 0.000 | 0.000  | 528.000    | 528.000    | 528.000      | 528.000    |
| 3     | 0   | 2     | 1   | 0    | 0   | GET    | /isu/2fbbb42f-287a-40f7-8432-ea1d8dd9afd6/condition | 0.000 | 0.000 | 0.000   | 0.000 | 0.000 | 0.000 | 0.000 | 0.000  | 0.000      | 528.000    | 1056.000     | 352.000    |
| 1     | 0   | 1     | 0   | 0    | 0   | GET    | /isu/6278f71d-a338-4c5d-8fd9-12ece77add5b           | 0.000 | 0.000 | 0.000   | 0.000 | 0.000 | 0.000 | 0.000 | 0.000  | 528.000    | 528.000    | 528.000      | 528.000    |
| 1     | 0   | 1     | 0   | 0    | 0   | GET    | /isu/6278f71d-a338-4c5d-8fd9-12ece77add5b/graph     | 0.000 | 0.000 | 0.000   | 0.000 | 0.000 | 0.000 | 0.000 | 0.000  | 528.000    | 528.000    | 528.000      | 528.000    |
| 3     | 0   | 2     | 1   | 0    | 0   | GET    | /isu/6278f71d-a338-4c5d-8fd9-12ece77add5b/condition | 0.000 | 0.000 | 0.000   | 0.000 | 0.000 | 0.000 | 0.000 | 0.000  | 0.000      | 528.000    | 1056.000     | 352.000    |
| 3     | 0   | 1     | 2   | 0    | 0   | GET    | /isu/15063e10-26fc-4dac-ae3a-1f195e0c6c4a/condition | 0.000 | 0.000 | 0.000   | 0.000 | 0.000 | 0.000 | 0.000 | 0.000  | 0.000      | 528.000    | 528.000      | 176.000    |
| 1     | 0   | 1     | 0   | 0    | 0   | GET    | /isu/96263833-a65e-4607-8403-a0c49e2c7112/graph     | 0.000 | 0.000 | 0.000   | 0.000 | 0.000 | 0.000 | 0.000 | 0.000  | 528.000    | 528.000    | 528.000      | 528.000    |
| 3     | 0   | 2     | 1   | 0    | 0   | GET    | /isu/96263833-a65e-4607-8403-a0c49e2c7112/condition | 0.000 | 0.000 | 0.000   | 0.000 | 0.000 | 0.000 | 0.000 | 0.000  | 0.000      | 528.000    | 1056.000     | 352.000    |
| 1     | 0   | 1     | 0   | 0    | 0   | GET    | /isu/b14b8bad-6b89-4997-95de-27e85ed058f8           | 0.000 | 0.000 | 0.000   | 0.000 | 0.000 | 0.000 | 0.000 | 0.000  | 528.000    | 528.000    | 528.000      | 528.000    |
| 1     | 0   | 1     | 0   | 0    | 0   | GET    | /isu/b14b8bad-6b89-4997-95de-27e85ed058f8/graph     | 0.000 | 0.000 | 0.000   | 0.000 | 0.000 | 0.000 | 0.000 | 0.000  | 528.000    | 528.000    | 528.000      | 528.000    |
| 3     | 0   | 1     | 2   | 0    | 0   | GET    | /isu/b14b8bad-6b89-4997-95de-27e85ed058f8/condition | 0.000 | 0.000 | 0.000   | 0.000 | 0.000 | 0.000 | 0.000 | 0.000  | 0.000      | 528.000    | 528.000      | 176.000    |
| 1     | 0   | 1     | 0   | 0    | 0   | GET    | /isu/15063e10-26fc-4dac-ae3a-1f195e0c6c4a/graph     | 0.000 | 0.000 | 0.000   | 0.000 | 0.000 | 0.000 | 0.000 | 0.000  | 528.000    | 528.000    | 528.000      | 528.000    |
| 3     | 0   | 1     | 2   | 0    | 0   | GET    | /register                                           | 0.000 | 0.000 | 0.000   | 0.000 | 0.000 | 0.000 | 0.000 | 0.000  | 0.000      | 528.000    | 528.000      | 176.000    |
| 1     | 0   | 1     | 0   | 0    | 0   | GET    | /isu/15063e10-26fc-4dac-ae3a-1f195e0c6c4a           | 0.000 | 0.000 | 0.000   | 0.000 | 0.000 | 0.000 | 0.000 | 0.000  | 528.000    | 528.000    | 528.000      | 528.000    |
+-------+-----+-------+-----+------+-----+--------+-----------------------------------------------------+-------+-------+---------+-------+-------+-------+-------+--------+------------+------------+--------------+------------+
