+-------+-----+------+-----+-----+-----+--------+-----------------------------------------------------+-------+-------+---------+-------+-------+-------+-------+--------+------------+------------+--------------+------------+
| COUNT | 1XX | 2XX  | 3XX | 4XX | 5XX | METHOD |                         URI                         |  MIN  |  MAX  |   SUM   |  AVG  |  P90  |  P95  |  P99  | STDDEV | MIN(BODY)  | MAX(BODY)  |  SUM(BODY)   | AVG(BODY)  |
+-------+-----+------+-----+-----+-----+--------+-----------------------------------------------------+-------+-------+---------+-------+-------+-------+-------+--------+------------+------------+--------------+------------+
| 325   | 0   | 118  | 0   | 207 | 0   | GET    | /api/isu                                            | 0.044 | 3.000 | 229.288 | 0.706 | 1.000 | 1.000 | 1.004 | 0.415  | 0.000      | 4672.000   | 288856.000   | 888.788    |
| 46    | 0   | 9    | 0   | 37  | 0   | GET    | /api/trend                                          | 0.020 | 1.012 | 38.420  | 0.835 | 1.000 | 1.004 | 1.012 | 0.337  | 0.000      | 4570.000   | 40980.000    | 890.870    |
| 1394  | 0   | 1305 | 0   | 89  | 0   | POST   | /api/condition/1a7bcede-3f8b-4fad-a9fd-f77a0c2a8aec | 0.004 | 0.104 | 14.192  | 0.010 | 0.016 | 0.100 | 0.104 | 0.026  | 0.000      | 0.000      | 0.000        | 0.000      |
| 1368  | 0   | 1280 | 0   | 88  | 0   | POST   | /api/condition/896a93d4-e6aa-4b2a-b667-a76e09fa6b0c | 0.004 | 0.104 | 14.188  | 0.010 | 0.040 | 0.100 | 0.100 | 0.027  | 0.000      | 0.000      | 0.000        | 0.000      |
| 1389  | 0   | 1304 | 0   | 85  | 0   | POST   | /api/condition/281d1816-1fd7-48ea-98b1-196de000d5aa | 0.000 | 0.112 | 13.924  | 0.010 | 0.032 | 0.100 | 0.100 | 0.026  | 0.000      | 0.000      | 0.000        | 0.000      |
| 1391  | 0   | 1300 | 0   | 91  | 0   | POST   | /api/condition/d390f130-f843-43ab-929b-a144eb410391 | 0.016 | 0.240 | 13.848  | 0.010 | 0.020 | 0.100 | 0.104 | 0.027  | 0.000      | 0.000      | 0.000        | 0.000      |
| 1393  | 0   | 1301 | 0   | 92  | 0   | POST   | /api/condition/5a426d26-4aea-4901-b487-becb06eb21fe | 0.004 | 0.104 | 13.716  | 0.010 | 0.024 | 0.100 | 0.104 | 0.026  | 0.000      | 0.000      | 0.000        | 0.000      |
| 1390  | 0   | 1299 | 0   | 91  | 0   | POST   | /api/condition/773c1bb0-31ba-4029-a028-5de7695c486b | 0.004 | 0.104 | 13.660  | 0.010 | 0.028 | 0.100 | 0.104 | 0.026  | 0.000      | 0.000      | 0.000        | 0.000      |
| 1395  | 0   | 1314 | 0   | 81  | 0   | POST   | /api/condition/066e969b-a666-49ce-9117-b11d978c84be | 0.004 | 0.104 | 13.648  | 0.010 | 0.020 | 0.100 | 0.104 | 0.026  | 0.000      | 0.000      | 0.000        | 0.000      |
| 1408  | 0   | 1329 | 0   | 79  | 0   | POST   | /api/condition/c0d0a7c0-d63e-45cb-9cca-9b1ac229e443 | 0.000 | 0.104 | 13.532  | 0.010 | 0.012 | 0.100 | 0.104 | 0.025  | 0.000      | 0.000      | 0.000        | 0.000      |
| 1398  | 0   | 1318 | 0   | 80  | 0   | POST   | /api/condition/9ab8c44d-22af-4783-9617-2062190f8df1 | 0.004 | 0.104 | 13.400  | 0.010 | 0.028 | 0.100 | 0.104 | 0.026  | 0.000      | 0.000      | 0.000        | 0.000      |
| 1398  | 0   | 1317 | 0   | 81  | 0   | POST   | /api/condition/d2b2338f-c442-436c-a3c7-ecee4a8e6439 | 0.004 | 0.244 | 13.284  | 0.010 | 0.012 | 0.100 | 0.104 | 0.025  | 0.000      | 0.000      | 0.000        | 0.000      |
| 215   | 0   | 77   | 0   | 138 | 0   | POST   | /api/auth                                           | 0.008 | 3.000 | 13.268  | 0.062 | 0.088 | 0.232 | 1.000 | 0.250  | 0.000      | 19.000     | 1564.000     | 7.274      |
| 1379  | 0   | 1283 | 0   | 96  | 0   | POST   | /api/condition/53eb4ca7-aada-4f31-81e0-16106592f774 | 0.096 | 0.104 | 13.268  | 0.010 | 0.036 | 0.100 | 0.100 | 0.027  | 0.000      | 0.000      | 0.000        | 0.000      |
| 1384  | 0   | 1303 | 0   | 81  | 0   | POST   | /api/condition/a61f8df5-c0bf-475a-9fbe-43b04cb587bb | 0.004 | 0.116 | 13.008  | 0.009 | 0.016 | 0.100 | 0.104 | 0.026  | 0.000      | 0.000      | 0.000        | 0.000      |
| 1384  | 0   | 1293 | 0   | 91  | 0   | POST   | /api/condition/51cb01ac-9202-42c7-8e0f-86a6f7108331 | 0.000 | 0.100 | 12.964  | 0.009 | 0.040 | 0.100 | 0.100 | 0.027  | 0.000      | 0.000      | 0.000        | 0.000      |
| 1402  | 0   | 1321 | 0   | 81  | 0   | POST   | /api/condition/d7777876-03e4-4954-8fad-385f048c4efc | 0.000 | 0.108 | 12.872  | 0.009 | 0.016 | 0.100 | 0.104 | 0.025  | 0.000      | 0.000      | 0.000        | 0.000      |
| 1391  | 0   | 1311 | 0   | 80  | 0   | POST   | /api/condition/73101861-a0d7-4c0e-89c9-bfc146d0c8ca | 0.000 | 0.108 | 12.836  | 0.009 | 0.040 | 0.100 | 0.100 | 0.026  | 0.000      | 0.000      | 0.000        | 0.000      |
| 1390  | 0   | 1301 | 0   | 89  | 0   | POST   | /api/condition/0e32c2c6-dfa6-4769-ad7e-c73c07ac391d | 0.044 | 0.104 | 12.820  | 0.009 | 0.012 | 0.100 | 0.100 | 0.026  | 0.000      | 0.000      | 0.000        | 0.000      |
| 1392  | 0   | 1304 | 0   | 88  | 0   | POST   | /api/condition/e2928990-3baf-461d-b6d9-de78e99bfcdf | 0.004 | 0.104 | 12.796  | 0.009 | 0.032 | 0.100 | 0.100 | 0.026  | 0.000      | 0.000      | 0.000        | 0.000      |
| 1383  | 0   | 1291 | 0   | 92  | 0   | POST   | /api/condition/5d064f0b-5ade-40aa-ba7d-5ad0fa4af873 | 0.084 | 0.104 | 12.780  | 0.009 | 0.032 | 0.100 | 0.100 | 0.027  | 0.000      | 0.000      | 0.000        | 0.000      |
| 1397  | 0   | 1319 | 0   | 78  | 0   | POST   | /api/condition/d8df4538-d25c-4c64-9df8-7cdda50e96bc | 0.000 | 0.104 | 12.716  | 0.009 | 0.008 | 0.100 | 0.100 | 0.025  | 0.000      | 0.000      | 0.000        | 0.000      |
| 1389  | 0   | 1301 | 0   | 88  | 0   | POST   | /api/condition/8e8b2f15-24c1-4745-b3b2-db3508271c1a | 0.000 | 0.104 | 12.572  | 0.009 | 0.020 | 0.100 | 0.100 | 0.026  | 0.000      | 0.000      | 0.000        | 0.000      |
| 1387  | 0   | 1307 | 0   | 80  | 0   | POST   | /api/condition/5688958e-104c-4405-9499-06d939329bbc | 0.004 | 0.108 | 12.464  | 0.009 | 0.008 | 0.100 | 0.104 | 0.025  | 0.000      | 14.000     | 14.000       | 0.010      |
| 1405  | 0   | 1334 | 0   | 71  | 0   | POST   | /api/condition/2639c108-05d8-49b3-8ac9-3da2f8362594 | 0.004 | 0.108 | 12.460  | 0.009 | 0.012 | 0.096 | 0.104 | 0.024  | 0.000      | 0.000      | 0.000        | 0.000      |
| 1369  | 0   | 1274 | 0   | 95  | 0   | POST   | /api/condition/9d81d012-4295-4d25-8a4f-aed5520364f9 | 0.024 | 0.104 | 12.432  | 0.009 | 0.028 | 0.100 | 0.100 | 0.027  | 0.000      | 0.000      | 0.000        | 0.000      |
| 1386  | 0   | 1304 | 0   | 82  | 0   | POST   | /api/condition/5769eea3-bc0f-4434-80dc-8a9a25b59780 | 0.000 | 0.104 | 12.404  | 0.009 | 0.012 | 0.100 | 0.104 | 0.026  | 0.000      | 0.000      | 0.000        | 0.000      |
| 1371  | 0   | 1279 | 0   | 92  | 0   | POST   | /api/condition/124a5c23-3351-433e-8ecf-a5c781b88d28 | 0.000 | 0.112 | 12.384  | 0.009 | 0.024 | 0.100 | 0.100 | 0.026  | 0.000      | 0.000      | 0.000        | 0.000      |
| 1389  | 0   | 1310 | 0   | 79  | 0   | POST   | /api/condition/044f3862-7f28-423c-8f9c-9e210d498d6f | 0.000 | 0.108 | 12.248  | 0.009 | 0.028 | 0.100 | 0.100 | 0.026  | 0.000      | 0.000      | 0.000        | 0.000      |
| 1406  | 0   | 1330 | 0   | 76  | 0   | POST   | /api/condition/d2753a1c-ef2e-4bfc-bb90-4176ad2dfe29 | 0.000 | 0.144 | 12.192  | 0.009 | 0.012 | 0.100 | 0.104 | 0.024  | 0.000      | 0.000      | 0.000        | 0.000      |
| 1399  | 0   | 1307 | 0   | 92  | 0   | POST   | /api/condition/c7e9932f-5603-4acd-95ab-44cf9dea93b1 | 0.000 | 0.112 | 12.172  | 0.009 | 0.028 | 0.100 | 0.100 | 0.026  | 0.000      | 14.000     | 14.000       | 0.010      |
| 1395  | 0   | 1314 | 0   | 81  | 0   | POST   | /api/condition/b7d7ff49-0c15-4a0e-82ca-86b2967bb46e | 0.000 | 0.136 | 12.160  | 0.009 | 0.020 | 0.100 | 0.100 | 0.026  | 0.000      | 0.000      | 0.000        | 0.000      |
| 1385  | 0   | 1292 | 0   | 93  | 0   | POST   | /api/condition/7ff52470-9413-4b1f-94f8-7a3f2342c52b | 0.048 | 0.140 | 11.920  | 0.009 | 0.016 | 0.100 | 0.100 | 0.026  | 0.000      | 0.000      | 0.000        | 0.000      |
| 1400  | 0   | 1321 | 0   | 79  | 0   | POST   | /api/condition/d8a8d771-f7aa-460e-ac64-e8dad9fbe822 | 0.000 | 0.108 | 11.904  | 0.009 | 0.012 | 0.100 | 0.100 | 0.025  | 0.000      | 0.000      | 0.000        | 0.000      |
| 1401  | 0   | 1324 | 0   | 77  | 0   | POST   | /api/condition/4778474c-103c-4db5-884e-e2a2f2d35f4d | 0.044 | 0.104 | 11.900  | 0.008 | 0.008 | 0.100 | 0.100 | 0.024  | 0.000      | 0.000      | 0.000        | 0.000      |
| 1386  | 0   | 1300 | 0   | 86  | 0   | POST   | /api/condition/99ffdaa0-f81a-430b-88f2-2afe84082498 | 0.000 | 0.188 | 11.784  | 0.009 | 0.020 | 0.100 | 0.100 | 0.026  | 0.000      | 0.000      | 0.000        | 0.000      |
| 1400  | 0   | 1325 | 0   | 75  | 0   | POST   | /api/condition/1ba60fdb-4d6b-49a8-8b97-83add76da827 | 0.028 | 0.120 | 11.784  | 0.008 | 0.012 | 0.100 | 0.100 | 0.024  | 0.000      | 0.000      | 0.000        | 0.000      |
| 1389  | 0   | 1305 | 0   | 84  | 0   | POST   | /api/condition/484a08ab-a941-44c4-8fc5-dd10e0ef64de | 0.000 | 0.104 | 11.740  | 0.008 | 0.024 | 0.100 | 0.100 | 0.026  | 0.000      | 0.000      | 0.000        | 0.000      |
| 30    | 0   | 30   | 0   | 0   | 0   | GET    | /api/condition/044f3862-7f28-423c-8f9c-9e210d498d6f | 0.168 | 0.828 | 11.724  | 0.391 | 0.556 | 0.688 | 0.828 | 0.169  | 4138.000   | 6243.000   | 183540.000   | 6118.000   |
| 1395  | 0   | 1319 | 0   | 76  | 0   | POST   | /api/condition/4f761ff6-bbfe-4df5-84cf-f8a37b3ad724 | 0.000 | 0.104 | 11.596  | 0.008 | 0.020 | 0.100 | 0.100 | 0.025  | 0.000      | 0.000      | 0.000        | 0.000      |
| 1397  | 0   | 1313 | 0   | 84  | 0   | POST   | /api/condition/35f73076-4a31-45db-b44d-3d143f4e7cc5 | 0.004 | 0.104 | 11.524  | 0.008 | 0.012 | 0.100 | 0.100 | 0.026  | 0.000      | 0.000      | 0.000        | 0.000      |
| 1386  | 0   | 1304 | 0   | 82  | 0   | POST   | /api/condition/3534ee76-952b-432a-8c26-8e2c3730bb83 | 0.000 | 0.248 | 11.512  | 0.008 | 0.016 | 0.100 | 0.100 | 0.026  | 0.000      | 0.000      | 0.000        | 0.000      |
| 1411  | 0   | 1327 | 0   | 84  | 0   | POST   | /api/condition/68e9cd8c-ea3b-47bf-b04c-74f483a2d149 | 0.000 | 0.220 | 11.448  | 0.008 | 0.016 | 0.100 | 0.100 | 0.026  | 0.000      | 0.000      | 0.000        | 0.000      |
| 1386  | 0   | 1309 | 0   | 77  | 0   | POST   | /api/condition/5f6afd10-e04e-455e-9118-fe4a37b9efad | 0.072 | 0.108 | 11.424  | 0.008 | 0.016 | 0.100 | 0.100 | 0.025  | 0.000      | 0.000      | 0.000        | 0.000      |
| 26    | 0   | 25   | 0   | 1   | 0   | GET    | /api/condition/b7d7ff49-0c15-4a0e-82ca-86b2967bb46e | 0.112 | 1.000 | 11.124  | 0.428 | 0.744 | 0.812 | 1.000 | 0.193  | 0.000      | 6703.000   | 165955.000   | 6382.885   |
| 28    | 0   | 27   | 0   | 1   | 0   | GET    | /api/condition/8e8b2f15-24c1-4745-b3b2-db3508271c1a | 0.056 | 1.000 | 10.944  | 0.391 | 0.700 | 0.992 | 1.000 | 0.226  | 0.000      | 6320.000   | 167272.000   | 5974.000   |
| 1398  | 0   | 1322 | 0   | 76  | 0   | POST   | /api/condition/7f8acfe4-e06c-418b-b160-6aada929013d | 0.000 | 0.104 | 10.944  | 0.008 | 0.020 | 0.100 | 0.100 | 0.024  | 0.000      | 0.000      | 0.000        | 0.000      |
| 1404  | 0   | 1330 | 0   | 74  | 0   | POST   | /api/condition/48b52e25-7227-4be9-8f75-e410f4b25fd7 | 0.000 | 0.108 | 10.860  | 0.008 | 0.012 | 0.100 | 0.100 | 0.024  | 0.000      | 0.000      | 0.000        | 0.000      |
| 1401  | 0   | 1326 | 0   | 75  | 0   | POST   | /api/condition/7f9f2387-1c3c-4b70-817f-98366b509981 | 0.000 | 0.100 | 10.704  | 0.008 | 0.012 | 0.100 | 0.100 | 0.024  | 0.000      | 0.000      | 0.000        | 0.000      |
| 1395  | 0   | 1314 | 0   | 81  | 0   | POST   | /api/condition/9895aa45-3d41-46ef-bd55-daeafaeafea6 | 0.024 | 0.100 | 10.680  | 0.008 | 0.008 | 0.100 | 0.100 | 0.025  | 0.000      | 0.000      | 0.000        | 0.000      |
| 1388  | 0   | 1311 | 0   | 77  | 0   | POST   | /api/condition/efb5f30e-f23b-466f-9569-b54fa21b6890 | 0.000 | 0.104 | 10.524  | 0.008 | 0.008 | 0.100 | 0.100 | 0.025  | 0.000      | 0.000      | 0.000        | 0.000      |
| 1405  | 0   | 1333 | 0   | 72  | 0   | POST   | /api/condition/4cd5ccaa-c00e-4fea-927e-80d664e5b3bd | 0.040 | 0.100 | 10.504  | 0.007 | 0.012 | 0.096 | 0.100 | 0.024  | 0.000      | 0.000      | 0.000        | 0.000      |
| 1408  | 0   | 1335 | 0   | 73  | 0   | POST   | /api/condition/7dfaf954-85bc-4043-8a61-5786be213398 | 0.000 | 0.104 | 10.488  | 0.007 | 0.008 | 0.100 | 0.100 | 0.024  | 0.000      | 0.000      | 0.000        | 0.000      |
| 1404  | 0   | 1334 | 0   | 70  | 0   | POST   | /api/condition/a2ac998b-3090-4957-8dc8-b394bf0b0266 | 0.044 | 0.108 | 10.360  | 0.007 | 0.004 | 0.096 | 0.100 | 0.024  | 0.000      | 0.000      | 0.000        | 0.000      |
| 1407  | 0   | 1338 | 0   | 69  | 0   | POST   | /api/condition/d8ef5b40-1130-47aa-a8ac-3ec0133850d6 | 0.000 | 0.104 | 10.280  | 0.007 | 0.008 | 0.096 | 0.100 | 0.024  | 0.000      | 0.000      | 0.000        | 0.000      |
| 32    | 0   | 26   | 0   | 6   | 0   | GET    | /api/condition/7ff52470-9413-4b1f-94f8-7a3f2342c52b | 0.004 | 0.892 | 10.112  | 0.316 | 0.644 | 0.748 | 0.892 | 0.216  | 14.000     | 6283.000   | 157607.000   | 4925.219   |
| 1410  | 0   | 1347 | 0   | 63  | 0   | POST   | /api/condition/5413c167-539a-4be5-a6d5-86849a3a5680 | 0.000 | 0.100 | 9.896   | 0.007 | 0.008 | 0.080 | 0.100 | 0.023  | 0.000      | 0.000      | 0.000        | 0.000      |
| 1412  | 0   | 1341 | 0   | 71  | 0   | POST   | /api/condition/87e21d60-0e39-4df7-9e15-ff5e2264827a | 0.000 | 0.104 | 9.840   | 0.007 | 0.004 | 0.100 | 0.100 | 0.023  | 0.000      | 0.000      | 0.000        | 0.000      |
| 22    | 0   | 21   | 0   | 1   | 0   | GET    | /api/condition/5413c167-539a-4be5-a6d5-86849a3a5680 | 0.168 | 1.000 | 7.808   | 0.355 | 0.584 | 0.720 | 1.000 | 0.188  | 0.000      | 6463.000   | 133810.000   | 6082.273   |
| 15    | 0   | 14   | 0   | 1   | 0   | GET    | /api/condition/d8df4538-d25c-4c64-9df8-7cdda50e96bc | 0.132 | 1.000 | 6.244   | 0.416 | 0.824 | 1.000 | 1.000 | 0.249  | 3.000      | 6223.000   | 80902.000    | 5393.467   |
| 20    | 0   | 20   | 0   | 0   | 0   | GET    | /api/condition/53eb4ca7-aada-4f31-81e0-16106592f774 | 0.116 | 0.792 | 6.088   | 0.304 | 0.448 | 0.676 | 0.792 | 0.175  | 3.000      | 6704.000   | 117984.000   | 5899.200   |
| 16    | 0   | 16   | 0   | 0   | 0   | GET    | /api/condition/066e969b-a666-49ce-9117-b11d978c84be | 0.116 | 0.976 | 5.996   | 0.375 | 0.948 | 0.976 | 0.976 | 0.287  | 3123.000   | 6343.000   | 96697.000    | 6043.562   |
| 16    | 0   | 16   | 0   | 0   | 0   | GET    | /api/condition/73101861-a0d7-4c0e-89c9-bfc146d0c8ca | 0.096 | 0.756 | 5.652   | 0.353 | 0.564 | 0.756 | 0.756 | 0.165  | 3110.000   | 6643.000   | 96934.000    | 6058.375   |
| 13    | 0   | 11   | 0   | 2   | 0   | GET    | /api/condition/d2b2338f-c442-436c-a3c7-ecee4a8e6439 | 0.104 | 1.000 | 5.572   | 0.429 | 1.000 | 1.000 | 1.000 | 0.262  | 2983.000   | 6523.000   | 66953.000    | 5150.231   |
| 13    | 0   | 12   | 0   | 1   | 0   | GET    | /api/condition/35f73076-4a31-45db-b44d-3d143f4e7cc5 | 0.104 | 1.000 | 4.396   | 0.338 | 0.428 | 1.000 | 1.000 | 0.218  | 3.000      | 6463.000   | 67546.000    | 5195.846   |
| 24    | 0   | 23   | 0   | 1   | 0   | GET    | /api/isu/7ff52470-9413-4b1f-94f8-7a3f2342c52b/icon  | 0.008 | 1.004 | 4.368   | 0.182 | 0.544 | 0.812 | 1.004 | 0.254  | 0.000      | 45199.000  | 1039577.000  | 43315.708  |
| 16    | 0   | 11   | 0   | 5   | 0   | GET    | /api/isu/35f73076-4a31-45db-b44d-3d143f4e7cc5/graph | 0.064 | 1.000 | 4.368   | 0.273 | 0.424 | 1.000 | 1.000 | 0.223  | 2691.000   | 6544.000   | 52875.000    | 3304.688   |
| 10    | 0   | 9    | 0   | 1   | 0   | GET    | /api/condition/51cb01ac-9202-42c7-8e0f-86a6f7108331 | 0.196 | 1.000 | 4.180   | 0.418 | 0.564 | 1.000 | 1.000 | 0.234  | 0.000      | 6343.000   | 57087.000    | 5708.700   |
| 25    | 0   | 24   | 0   | 1   | 0   | GET    | /api/isu/4f761ff6-bbfe-4df5-84cf-f8a37b3ad724/icon  | 0.004 | 1.004 | 4.004   | 0.160 | 0.328 | 0.416 | 1.004 | 0.209  | 0.000      | 17244.000  | 413856.000   | 16554.240  |
| 15    | 0   | 15   | 0   | 0   | 0   | GET    | /api/condition/1ba60fdb-4d6b-49a8-8b97-83add76da827 | 0.116 | 0.572 | 3.936   | 0.262 | 0.344 | 0.572 | 0.572 | 0.108  | 3.000      | 6463.000   | 86188.000    | 5745.867   |
| 55    | 0   | 51   | 0   | 4   | 0   | POST   | /api/isu                                            | 0.004 | 0.208 | 3.864   | 0.070 | 0.092 | 0.108 | 0.208 | 0.030  | 15.000     | 154.000    | 7084.000     | 128.800    |
| 15    | 0   | 13   | 0   | 2   | 0   | GET    | /api/isu/4cd5ccaa-c00e-4fea-927e-80d664e5b3bd/icon  | 0.028 | 1.004 | 3.672   | 0.245 | 1.000 | 1.004 | 1.004 | 0.305  | 19821.000  | 19821.000  | 257673.000   | 17178.200  |
| 16    | 0   | 0    | 0   | 16  | 0   | GET    | /api/isu/9e5c1109-beff-4598-b8f1-658d1994d55f/icon  | 0.016 | 1.000 | 3.496   | 0.219 | 0.700 | 1.000 | 1.000 | 0.262  | 0.000      | 14.000     | 210.000      | 13.125     |
| 19    | 0   | 13   | 0   | 6   | 0   | GET    | /api/condition/87e21d60-0e39-4df7-9e15-ff5e2264827a | 0.008 | 0.780 | 3.392   | 0.179 | 0.296 | 0.780 | 0.780 | 0.173  | 14.000     | 6163.000   | 76037.000    | 4001.947   |
| 16    | 0   | 0    | 0   | 16  | 0   | GET    | /api/isu/9e5c1109-beff-4598-b8f1-658d1994d55f/graph | 0.004 | 1.004 | 3.324   | 0.208 | 0.568 | 1.004 | 1.004 | 0.256  | 0.000      | 14.000     | 210.000      | 13.125     |
| 21    | 0   | 21   | 0   | 0   | 0   | GET    | /api/isu/d2b2338f-c442-436c-a3c7-ecee4a8e6439/icon  | 0.004 | 0.572 | 3.256   | 0.155 | 0.288 | 0.496 | 0.572 | 0.150  | 90471.000  | 90471.000  | 1899891.000  | 90471.000  |
| 29    | 0   | 27   | 0   | 2   | 0   | GET    | /api/isu/35f73076-4a31-45db-b44d-3d143f4e7cc5/icon  | 0.012 | 0.508 | 3.232   | 0.111 | 0.276 | 0.348 | 0.508 | 0.120  | 14.000     | 23664.000  | 638963.000   | 22033.207  |
| 60    | 0   | 26   | 0   | 34  | 0   | GET    | /api/user/me                                        | 0.000 | 1.000 | 3.196   | 0.053 | 0.136 | 0.280 | 1.000 | 0.150  | 21.000     | 44.000     | 1661.000     | 27.683     |
| 16    | 0   | 0    | 0   | 16  | 0   | GET    | /api/isu/9e5c1109-beff-4598-b8f1-658d1994d55f       | 0.004 | 1.000 | 3.168   | 0.198 | 0.524 | 1.000 | 1.000 | 0.268  | 0.000      | 14.000     | 210.000      | 13.125     |
| 38    | 0   | 18   | 0   | 20  | 0   | POST   | /api/signout                                        | 0.000 | 1.000 | 3.128   | 0.082 | 0.176 | 0.652 | 1.000 | 0.192  | 21.000     | 21.000     | 399.000      | 10.500     |
| 3     | 0   | 1    | 0   | 2   | 0   | GET    | /api/isu/9d81d012-4295-4d25-8a4f-aed5520364f9       | 3.000 | 3.000 | 3.044   | 1.015 | 3.000 | 3.000 | 3.000 | 1.404  | 0.000      | 130.000    | 151.000      | 50.333     |
| 27    | 0   | 24   | 0   | 3   | 0   | GET    | /api/isu/48b52e25-7227-4be9-8f75-e410f4b25fd7/icon  | 0.056 | 0.996 | 2.944   | 0.109 | 0.328 | 0.468 | 0.996 | 0.202  | 6969.000   | 6969.000   | 167291.000   | 6195.963   |
| 20    | 0   | 20   | 0   | 0   | 0   | GET    | /api/isu/d8df4538-d25c-4c64-9df8-7cdda50e96bc/icon  | 0.008 | 0.372 | 2.896   | 0.145 | 0.336 | 0.348 | 0.372 | 0.121  | 18821.000  | 18821.000  | 376420.000   | 18821.000  |
| 11    | 0   | 11   | 0   | 0   | 0   | GET    | /api/condition/281d1816-1fd7-48ea-98b1-196de000d5aa | 0.144 | 0.580 | 2.704   | 0.246 | 0.292 | 0.580 | 0.580 | 0.116  | 3.000      | 6112.000   | 53078.000    | 4825.273   |
| 7     | 0   | 7    | 0   | 0   | 0   | GET    | /api/isu/066e969b-a666-49ce-9117-b11d978c84be/graph | 0.144 | 0.952 | 2.648   | 0.378 | 0.952 | 0.952 | 0.952 | 0.308  | 3525.000   | 7275.000   | 37684.000    | 5383.429   |
| 10    | 0   | 10   | 0   | 0   | 0   | GET    | /api/isu/d8df4538-d25c-4c64-9df8-7cdda50e96bc/graph | 0.168 | 0.364 | 2.600   | 0.260 | 0.292 | 0.364 | 0.364 | 0.049  | 3711.000   | 6091.000   | 50308.000    | 5030.800   |
| 17    | 0   | 17   | 0   | 0   | 0   | GET    | /api/isu/066e969b-a666-49ce-9117-b11d978c84be/icon  | 0.016 | 0.500 | 2.596   | 0.153 | 0.396 | 0.500 | 0.500 | 0.151  | 82854.000  | 82854.000  | 1408518.000  | 82854.000  |
| 13    | 0   | 7    | 0   | 6   | 0   | GET    | /api/condition/7dfaf954-85bc-4043-8a61-5786be213398 | 0.004 | 0.500 | 2.588   | 0.199 | 0.448 | 0.500 | 0.500 | 0.177  | 3.000      | 6643.000   | 32581.000    | 2506.231   |
| 6     | 0   | 6    | 0   | 0   | 0   | GET    | /api/isu/73101861-a0d7-4c0e-89c9-bfc146d0c8ca/graph | 0.196 | 0.672 | 2.564   | 0.427 | 0.672 | 0.672 | 0.672 | 0.177  | 4731.000   | 6018.000   | 32463.000    | 5410.500   |
| 18    | 0   | 18   | 0   | 0   | 0   | GET    | /api/isu/2639c108-05d8-49b3-8ac9-3da2f8362594/icon  | 0.004 | 0.816 | 2.392   | 0.133 | 0.208 | 0.816 | 0.816 | 0.176  | 8298.000   | 8298.000   | 149364.000   | 8298.000   |
| 6     | 0   | 0    | 0   | 6   | 0   | GET    | /api/condition/a2ac998b-3090-4957-8dc8-b394bf0b0266 | 0.008 | 1.860 | 2.348   | 0.391 | 1.860 | 1.860 | 1.860 | 0.663  | 14.000     | 24.000     | 121.000      | 20.167     |
| 18    | 0   | 18   | 0   | 0   | 0   | GET    | /api/isu/1ba60fdb-4d6b-49a8-8b97-83add76da827/icon  | 0.004 | 0.732 | 2.308   | 0.128 | 0.404 | 0.732 | 0.732 | 0.174  | 20510.000  | 20510.000  | 369180.000   | 20510.000  |
| 17    | 0   | 17   | 0   | 0   | 0   | GET    | /api/isu/8e8b2f15-24c1-4745-b3b2-db3508271c1a/icon  | 0.012 | 0.880 | 2.296   | 0.135 | 0.208 | 0.880 | 0.880 | 0.196  | 20376.000  | 20376.000  | 346392.000   | 20376.000  |
| 14    | 0   | 14   | 0   | 0   | 0   | GET    | /api/isu/87e21d60-0e39-4df7-9e15-ff5e2264827a/icon  | 0.004 | 0.484 | 2.248   | 0.161 | 0.400 | 0.484 | 0.484 | 0.153  | 6733.000   | 6733.000   | 94262.000    | 6733.000   |
| 14    | 0   | 14   | 0   | 0   | 0   | GET    | /api/isu/5a426d26-4aea-4901-b487-becb06eb21fe/icon  | 0.008 | 0.756 | 2.224   | 0.159 | 0.488 | 0.756 | 0.756 | 0.215  | 19859.000  | 19859.000  | 278026.000   | 19859.000  |
| 15    | 0   | 15   | 0   | 0   | 0   | GET    | /api/isu/5d064f0b-5ade-40aa-ba7d-5ad0fa4af873/icon  | 0.008 | 0.360 | 2.224   | 0.148 | 0.328 | 0.360 | 0.360 | 0.125  | 7951.000   | 7951.000   | 119265.000   | 7951.000   |
| 7     | 0   | 7    | 0   | 0   | 0   | GET    | /api/isu/53eb4ca7-aada-4f31-81e0-16106592f774/graph | 0.104 | 0.520 | 2.180   | 0.311 | 0.520 | 0.520 | 0.520 | 0.145  | 4955.000   | 6664.000   | 38886.000    | 5555.143   |
| 4     | 0   | 2    | 0   | 2   | 0   | GET    | /api/isu/68e9cd8c-ea3b-47bf-b04c-74f483a2d149/icon  | 0.004 | 2.132 | 2.136   | 0.534 | 2.132 | 2.132 | 2.132 | 0.923  | 14.000     | 6969.000   | 13973.000    | 3493.250   |
| 14    | 0   | 14   | 0   | 0   | 0   | GET    | /api/isu/7dfaf954-85bc-4043-8a61-5786be213398/icon  | 0.004 | 0.592 | 2.052   | 0.147 | 0.388 | 0.592 | 0.592 | 0.156  | 11526.000  | 11526.000  | 161364.000   | 11526.000  |
| 14    | 0   | 14   | 0   | 0   | 0   | GET    | /api/isu/53eb4ca7-aada-4f31-81e0-16106592f774/icon  | 0.004 | 0.416 | 2.036   | 0.145 | 0.408 | 0.416 | 0.416 | 0.138  | 4955.000   | 4955.000   | 69370.000    | 4955.000   |
| 10    | 0   | 2    | 0   | 8   | 0   | GET    | /api/isu/b82dcff4-8fae-4773-9956-22ab354adb7e/graph | 0.004 | 1.464 | 1.988   | 0.199 | 0.512 | 1.464 | 1.464 | 0.448  | 14.000     | 6875.000   | 12316.000    | 1231.600   |
| 15    | 0   | 15   | 0   | 0   | 0   | GET    | /api/isu/5413c167-539a-4be5-a6d5-86849a3a5680/icon  | 0.004 | 0.500 | 1.948   | 0.130 | 0.288 | 0.500 | 0.500 | 0.128  | 112773.000 | 112773.000 | 1691595.000  | 112773.000 |
| 18    | 0   | 16   | 0   | 2   | 0   | GET    | /api/isu/9895aa45-3d41-46ef-bd55-daeafaeafea6/icon  | 0.076 | 0.416 | 1.928   | 0.107 | 0.372 | 0.416 | 0.416 | 0.129  | 14.000     | 8568.000   | 137123.000   | 7617.944   |
| 19    | 0   | 19   | 0   | 0   | 0   | GET    | /api/isu/d7777876-03e4-4954-8fad-385f048c4efc/icon  | 0.004 | 0.412 | 1.880   | 0.099 | 0.328 | 0.412 | 0.412 | 0.109  | 18552.000  | 18552.000  | 352488.000   | 18552.000  |
| 17    | 0   | 17   | 0   | 0   | 0   | GET    | /api/isu/d390f130-f843-43ab-929b-a144eb410391/icon  | 0.004 | 0.744 | 1.864   | 0.110 | 0.244 | 0.744 | 0.744 | 0.170  | 20872.000  | 20872.000  | 354824.000   | 20872.000  |
| 16    | 0   | 14   | 0   | 2   | 0   | GET    | /api/isu/9ab8c44d-22af-4783-9617-2062190f8df1/icon  | 0.288 | 0.416 | 1.808   | 0.113 | 0.328 | 0.416 | 0.416 | 0.130  | 14.000     | 13988.000  | 195867.000   | 12241.688  |
| 20    | 0   | 18   | 0   | 2   | 0   | GET    | /api/isu/0e32c2c6-dfa6-4769-ad7e-c73c07ac391d/icon  | 0.064 | 0.232 | 1.800   | 0.090 | 0.188 | 0.192 | 0.232 | 0.064  | 14.000     | 14566.000  | 262223.000   | 13111.150  |
| 17    | 0   | 17   | 0   | 0   | 0   | GET    | /api/isu/281d1816-1fd7-48ea-98b1-196de000d5aa/icon  | 0.004 | 0.276 | 1.796   | 0.106 | 0.268 | 0.276 | 0.276 | 0.098  | 25779.000  | 25779.000  | 438243.000   | 25779.000  |
| 15    | 0   | 0    | 0   | 15  | 0   | GET    | /api/condition/9e5c1109-beff-4598-b8f1-658d1994d55f | 0.016 | 0.356 | 1.772   | 0.118 | 0.260 | 0.356 | 0.356 | 0.097  | 14.000     | 14.000     | 210.000      | 14.000     |
| 15    | 0   | 11   | 0   | 4   | 0   | GET    | /api/isu/484a08ab-a941-44c4-8fc5-dd10e0ef64de/icon  | 0.044 | 0.400 | 1.768   | 0.118 | 0.252 | 0.400 | 0.400 | 0.105  | 14.000     | 14137.000  | 155577.000   | 10371.800  |
| 15    | 0   | 15   | 0   | 0   | 0   | GET    | /api/isu/a61f8df5-c0bf-475a-9fbe-43b04cb587bb/icon  | 0.008 | 0.772 | 1.764   | 0.118 | 0.192 | 0.772 | 0.772 | 0.183  | 9614.000   | 9614.000   | 144210.000   | 9614.000   |
| 8     | 0   | 8    | 0   | 0   | 0   | GET    | /api/condition/1a7bcede-3f8b-4fad-a9fd-f77a0c2a8aec | 0.116 | 0.536 | 1.756   | 0.220 | 0.536 | 0.536 | 0.536 | 0.127  | 3.000      | 6323.000   | 41025.000    | 5128.125   |
| 13    | 0   | 11   | 0   | 2   | 0   | GET    | /api/isu/5769eea3-bc0f-4434-80dc-8a9a25b59780/icon  | 0.616 | 0.616 | 1.676   | 0.129 | 0.228 | 0.616 | 0.616 | 0.155  | 0.000      | 6969.000   | 76680.000    | 5898.462   |
| 6     | 0   | 6    | 0   | 0   | 0   | GET    | /api/isu/35f73076-4a31-45db-b44d-3d143f4e7cc5       | 0.012 | 0.580 | 1.644   | 0.274 | 0.580 | 0.580 | 0.580 | 0.204  | 139.000    | 139.000    | 834.000      | 139.000    |
| 14    | 0   | 14   | 0   | 0   | 0   | GET    | /api/isu/1a7bcede-3f8b-4fad-a9fd-f77a0c2a8aec/icon  | 0.004 | 0.332 | 1.608   | 0.115 | 0.296 | 0.332 | 0.332 | 0.106  | 16227.000  | 16227.000  | 227178.000   | 16227.000  |
| 19    | 0   | 19   | 0   | 0   | 0   | GET    | /api/isu/773c1bb0-31ba-4029-a028-5de7695c486b/icon  | 0.012 | 0.256 | 1.572   | 0.083 | 0.240 | 0.256 | 0.256 | 0.066  | 26336.000  | 26336.000  | 500384.000   | 26336.000  |
| 16    | 0   | 14   | 0   | 2   | 0   | GET    | /api/isu/d2753a1c-ef2e-4bfc-bb90-4176ad2dfe29/icon  | 0.040 | 0.560 | 1.568   | 0.098 | 0.292 | 0.560 | 0.560 | 0.137  | 14.000     | 9453.000   | 132377.000   | 8273.562   |
| 11    | 0   | 11   | 0   | 0   | 0   | GET    | /api/isu/d8a8d771-f7aa-460e-ac64-e8dad9fbe822/icon  | 0.008 | 0.304 | 1.564   | 0.142 | 0.304 | 0.304 | 0.304 | 0.103  | 14374.000  | 14374.000  | 158114.000   | 14374.000  |
| 11    | 0   | 11   | 0   | 0   | 0   | GET    | /api/isu/124a5c23-3351-433e-8ecf-a5c781b88d28/icon  | 0.004 | 0.624 | 1.564   | 0.142 | 0.272 | 0.624 | 0.624 | 0.169  | 8720.000   | 8720.000   | 95920.000    | 8720.000   |
| 11    | 0   | 11   | 0   | 0   | 0   | GET    | /api/isu/896a93d4-e6aa-4b2a-b667-a76e09fa6b0c/icon  | 0.012 | 0.436 | 1.476   | 0.134 | 0.268 | 0.436 | 0.436 | 0.127  | 26057.000  | 26057.000  | 286627.000   | 26057.000  |
| 14    | 0   | 14   | 0   | 0   | 0   | GET    | /api/isu/3534ee76-952b-432a-8c26-8e2c3730bb83/icon  | 0.020 | 0.304 | 1.456   | 0.104 | 0.228 | 0.304 | 0.304 | 0.083  | 6787.000   | 6787.000   | 95018.000    | 6787.000   |
| 11    | 0   | 11   | 0   | 0   | 0   | GET    | /api/isu/a2ac998b-3090-4957-8dc8-b394bf0b0266/icon  | 0.012 | 0.348 | 1.452   | 0.132 | 0.240 | 0.348 | 0.348 | 0.103  | 14447.000  | 14447.000  | 158917.000   | 14447.000  |
| 11    | 0   | 11   | 0   | 0   | 0   | GET    | /api/isu/efb5f30e-f23b-466f-9569-b54fa21b6890/icon  | 0.008 | 0.440 | 1.428   | 0.130 | 0.264 | 0.440 | 0.440 | 0.126  | 34835.000  | 34835.000  | 383185.000   | 34835.000  |
| 5     | 0   | 5    | 0   | 0   | 0   | GET    | /api/isu/d2b2338f-c442-436c-a3c7-ecee4a8e6439/graph | 0.164 | 0.652 | 1.420   | 0.284 | 0.652 | 0.652 | 0.652 | 0.185  | 4871.000   | 5511.000   | 26338.000    | 5267.600   |
| 11    | 0   | 11   | 0   | 0   | 0   | GET    | /api/isu/9d81d012-4295-4d25-8a4f-aed5520364f9/icon  | 0.020 | 0.332 | 1.380   | 0.125 | 0.292 | 0.332 | 0.332 | 0.097  | 70819.000  | 70819.000  | 779009.000   | 70819.000  |
| 13    | 0   | 3    | 0   | 10  | 0   | GET    | /api/condition/15063e10-26fc-4dac-ae3a-1f195e0c6c4a | 0.008 | 1.000 | 1.376   | 0.106 | 0.360 | 1.000 | 1.000 | 0.275  | 0.000      | 6373.000   | 7527.000     | 579.000    |
| 11    | 0   | 5    | 0   | 6   | 0   | GET    | /api/condition/2639c108-05d8-49b3-8ac9-3da2f8362594 | 0.024 | 0.296 | 1.364   | 0.124 | 0.196 | 0.296 | 0.296 | 0.085  | 3.000      | 5726.000   | 11579.000    | 1052.636   |
| 16    | 0   | 16   | 0   | 0   | 0   | GET    | /api/isu/7f9f2387-1c3c-4b70-817f-98366b509981/icon  | 0.008 | 0.304 | 1.360   | 0.085 | 0.252 | 0.304 | 0.304 | 0.089  | 19790.000  | 19790.000  | 316640.000   | 19790.000  |
| 14    | 0   | 12   | 0   | 2   | 0   | GET    | /api/isu/b7d7ff49-0c15-4a0e-82ca-86b2967bb46e/icon  | 0.068 | 0.212 | 1.352   | 0.097 | 0.168 | 0.212 | 0.212 | 0.064  | 14.000     | 26973.000  | 323711.000   | 23122.214  |
| 5     | 0   | 4    | 0   | 1   | 0   | GET    | /api/isu/1ba60fdb-4d6b-49a8-8b97-83add76da827       | 0.004 | 1.000 | 1.332   | 0.266 | 1.000 | 1.000 | 1.000 | 0.380  | 139.000    | 139.000    | 556.000      | 111.200    |
| 11    | 0   | 11   | 0   | 0   | 0   | GET    | /api/isu/7f8acfe4-e06c-418b-b160-6aada929013d/icon  | 0.020 | 0.304 | 1.308   | 0.119 | 0.300 | 0.304 | 0.304 | 0.101  | 19958.000  | 19958.000  | 219538.000   | 19958.000  |
| 14    | 0   | 14   | 0   | 0   | 0   | GET    | /api/isu/73101861-a0d7-4c0e-89c9-bfc146d0c8ca/icon  | 0.012 | 0.280 | 1.300   | 0.093 | 0.208 | 0.280 | 0.280 | 0.086  | 30652.000  | 30652.000  | 429128.000   | 30652.000  |
| 11    | 0   | 11   | 0   | 0   | 0   | GET    | /api/isu/99ffdaa0-f81a-430b-88f2-2afe84082498/icon  | 0.008 | 0.340 | 1.284   | 0.117 | 0.236 | 0.340 | 0.340 | 0.101  | 19412.000  | 19412.000  | 213532.000   | 19412.000  |
| 17    | 0   | 17   | 0   | 0   | 0   | GET    | /api/isu/4778474c-103c-4db5-884e-e2a2f2d35f4d/icon  | 0.004 | 0.156 | 1.264   | 0.074 | 0.136 | 0.156 | 0.156 | 0.044  | 23497.000  | 23497.000  | 399449.000   | 23497.000  |
| 5     | 0   | 5    | 0   | 0   | 0   | GET    | /api/isu/87e21d60-0e39-4df7-9e15-ff5e2264827a/graph | 0.200 | 0.344 | 1.260   | 0.252 | 0.344 | 0.344 | 0.344 | 0.051  | 4391.000   | 5414.000   | 24899.000    | 4979.800   |
| 14    | 0   | 14   | 0   | 0   | 0   | GET    | /api/isu/e2928990-3baf-461d-b6d9-de78e99bfcdf/icon  | 0.012 | 0.248 | 1.248   | 0.089 | 0.180 | 0.248 | 0.248 | 0.064  | 6969.000   | 6969.000   | 97566.000    | 6969.000   |
| 12    | 0   | 6    | 0   | 6   | 0   | GET    | /api/condition/4f761ff6-bbfe-4df5-84cf-f8a37b3ad724 | 0.012 | 0.204 | 1.192   | 0.099 | 0.188 | 0.204 | 0.204 | 0.063  | 3.000      | 6343.000   | 27106.000    | 2258.833   |
| 12    | 0   | 12   | 0   | 0   | 0   | GET    | /api/isu/044f3862-7f28-423c-8f9c-9e210d498d6f/icon  | 0.008 | 0.344 | 1.168   | 0.097 | 0.224 | 0.344 | 0.344 | 0.093  | 27623.000  | 27623.000  | 331476.000   | 27623.000  |
| 11    | 0   | 11   | 0   | 0   | 0   | GET    | /api/isu/5688958e-104c-4405-9499-06d939329bbc/icon  | 0.016 | 0.236 | 1.160   | 0.105 | 0.236 | 0.236 | 0.236 | 0.076  | 33236.000  | 33236.000  | 365596.000   | 33236.000  |
| 6     | 0   | 6    | 0   | 0   | 0   | GET    | /api/isu/1ba60fdb-4d6b-49a8-8b97-83add76da827/graph | 0.108 | 0.396 | 1.148   | 0.191 | 0.396 | 0.396 | 0.396 | 0.097  | 4387.000   | 6621.000   | 30589.000    | 5098.167   |
| 8     | 0   | 4    | 0   | 4   | 0   | GET    | /api/isu/7dfaf954-85bc-4043-8a61-5786be213398/graph | 0.004 | 0.400 | 1.136   | 0.142 | 0.400 | 0.400 | 0.400 | 0.134  | 14.000     | 4901.000   | 17353.000    | 2169.125   |
| 11    | 0   | 11   | 0   | 0   | 0   | GET    | /api/isu/d8ef5b40-1130-47aa-a8ac-3ec0133850d6/icon  | 0.004 | 0.440 | 1.108   | 0.101 | 0.128 | 0.440 | 0.440 | 0.116  | 9892.000   | 9892.000   | 108812.000   | 9892.000   |
| 3     | 0   | 3    | 0   | 0   | 0   | GET    | /api/isu/9ab8c44d-22af-4783-9617-2062190f8df1/graph | 0.040 | 0.932 | 1.104   | 0.368 | 0.932 | 0.932 | 0.932 | 0.401  | 2691.000   | 4368.000   | 11092.000    | 3697.333   |
| 12    | 0   | 12   | 0   | 0   | 0   | GET    | /api/isu/51cb01ac-9202-42c7-8e0f-86a6f7108331/icon  | 0.016 | 0.196 | 1.064   | 0.089 | 0.188 | 0.196 | 0.196 | 0.066  | 135259.000 | 135259.000 | 1623108.000  | 135259.000 |
| 3     | 0   | 3    | 0   | 0   | 0   | GET    | /api/isu/281d1816-1fd7-48ea-98b1-196de000d5aa/graph | 0.176 | 0.484 | 1.036   | 0.345 | 0.484 | 0.484 | 0.484 | 0.128  | 5641.000   | 6311.000   | 17972.000    | 5990.667   |
| 5     | 0   | 5    | 0   | 0   | 0   | GET    | /api/condition/9ab8c44d-22af-4783-9617-2062190f8df1 | 0.072 | 0.436 | 1.008   | 0.202 | 0.436 | 0.436 | 0.436 | 0.124  | 3.000      | 6139.000   | 21374.000    | 4274.800   |
| 4     | 0   | 4    | 0   | 0   | 0   | GET    | /api/isu/7dfaf954-85bc-4043-8a61-5786be213398       | 0.008 | 0.780 | 1.008   | 0.252 | 0.780 | 0.780 | 0.780 | 0.309  | 139.000    | 139.000    | 556.000      | 139.000    |
| 12    | 0   | 0    | 0   | 12  | 0   | GET    | /api/condition/cab99f63-bb3a-4648-b6df-376396f2c7ab | 0.028 | 0.332 | 0.920   | 0.077 | 0.200 | 0.332 | 0.332 | 0.093  | 14.000     | 24.000     | 242.000      | 20.167     |
| 11    | 0   | 11   | 0   | 0   | 0   | GET    | /api/isu/5f6afd10-e04e-455e-9118-fe4a37b9efad/icon  | 0.016 | 0.240 | 0.888   | 0.081 | 0.132 | 0.240 | 0.240 | 0.063  | 8531.000   | 8531.000   | 93841.000    | 8531.000   |
| 4     | 0   | 0    | 0   | 4   | 0   | GET    | /api/isu/5f6afd10-e04e-455e-9118-fe4a37b9efad/graph | 0.008 | 0.852 | 0.872   | 0.218 | 0.852 | 0.852 | 0.852 | 0.366  | 14.000     | 21.000     | 72.000       | 18.000     |
| 6     | 0   | 6    | 0   | 0   | 0   | GET    | /api/condition/d7777876-03e4-4954-8fad-385f048c4efc | 0.084 | 0.196 | 0.828   | 0.138 | 0.196 | 0.196 | 0.196 | 0.044  | 3.000      | 6077.000   | 24299.000    | 4049.833   |
| 6     | 0   | 2    | 0   | 4   | 0   | GET    | /api/isu/4f761ff6-bbfe-4df5-84cf-f8a37b3ad724/graph | 0.048 | 0.352 | 0.740   | 0.123 | 0.352 | 0.352 | 0.352 | 0.112  | 14.000     | 5666.000   | 8429.000     | 1404.833   |
| 6     | 0   | 4    | 0   | 2   | 0   | GET    | /api/isu/2639c108-05d8-49b3-8ac9-3da2f8362594       | 0.048 | 0.376 | 0.716   | 0.119 | 0.376 | 0.376 | 0.376 | 0.147  | 14.000     | 130.000    | 555.000      | 92.500     |
| 4     | 0   | 4    | 0   | 0   | 0   | GET    | /api/isu/281d1816-1fd7-48ea-98b1-196de000d5aa       | 0.004 | 0.532 | 0.704   | 0.176 | 0.532 | 0.532 | 0.532 | 0.214  | 136.000    | 136.000    | 544.000      | 136.000    |
| 4     | 0   | 4    | 0   | 0   | 0   | GET    | /api/isu/87e21d60-0e39-4df7-9e15-ff5e2264827a       | 0.004 | 0.288 | 0.692   | 0.173 | 0.288 | 0.288 | 0.288 | 0.115  | 139.000    | 139.000    | 556.000      | 139.000    |
| 14    | 0   | 2    | 0   | 12  | 0   | GET    | /api/isu/c648b087-fe00-4ea2-a524-b2e80555893f/graph | 0.036 | 0.304 | 0.632   | 0.045 | 0.076 | 0.304 | 0.304 | 0.076  | 14.000     | 3106.000   | 6013.000     | 429.500    |
| 3     | 0   | 1    | 0   | 2   | 0   | GET    | /api/isu/8469e6f6-0d29-4052-87cf-dd9bfde45014       | 0.604 | 0.604 | 0.604   | 0.201 | 0.604 | 0.604 | 0.604 | 0.285  | 14.000     | 144.000    | 179.000      | 59.667     |
| 3     | 0   | 3    | 0   | 0   | 0   | GET    | /api/isu/1a7bcede-3f8b-4fad-a9fd-f77a0c2a8aec/graph | 0.068 | 0.344 | 0.572   | 0.191 | 0.344 | 0.344 | 0.344 | 0.115  | 2691.000   | 5434.000   | 13531.000    | 4510.333   |
| 4     | 0   | 4    | 0   | 0   | 0   | GET    | /api/condition/d2753a1c-ef2e-4bfc-bb90-4176ad2dfe29 | 0.040 | 0.356 | 0.572   | 0.143 | 0.356 | 0.356 | 0.356 | 0.127  | 3.000      | 5968.000   | 5977.000     | 1494.250   |
| 21    | 0   | 3    | 0   | 18  | 0   | GET    | /api/condition/c648b087-fe00-4ea2-a524-b2e80555893f | 0.004 | 0.092 | 0.536   | 0.026 | 0.064 | 0.076 | 0.092 | 0.028  | 14.000     | 1581.000   | 4795.000     | 228.333    |
| 8     | 0   | 6    | 0   | 2   | 0   | GET    | /api/isu/d2b2338f-c442-436c-a3c7-ecee4a8e6439       | 0.176 | 0.176 | 0.536   | 0.067 | 0.176 | 0.176 | 0.176 | 0.058  | 14.000     | 133.000    | 833.000      | 104.125    |
| 6     | 0   | 2    | 0   | 4   | 0   | GET    | /api/isu/d7777876-03e4-4954-8fad-385f048c4efc/graph | 0.004 | 0.164 | 0.532   | 0.089 | 0.164 | 0.164 | 0.164 | 0.059  | 14.000     | 5192.000   | 7955.000     | 1325.833   |
| 4     | 0   | 4    | 0   | 0   | 0   | GET    | /api/condition/e2928990-3baf-461d-b6d9-de78e99bfcdf | 0.032 | 0.312 | 0.480   | 0.120 | 0.312 | 0.312 | 0.312 | 0.112  | 3.000      | 5914.000   | 9222.000     | 2305.500   |
| 4     | 0   | 0    | 0   | 4   | 0   | GET    | /api/isu/896a93d4-e6aa-4b2a-b667-a76e09fa6b0c/graph | 0.004 | 0.280 | 0.476   | 0.119 | 0.280 | 0.280 | 0.280 | 0.121  | 14.000     | 21.000     | 72.000       | 18.000     |
| 5     | 0   | 5    | 0   | 0   | 0   | GET    | /api/isu/d8df4538-d25c-4c64-9df8-7cdda50e96bc       | 0.004 | 0.172 | 0.452   | 0.090 | 0.172 | 0.172 | 0.172 | 0.068  | 133.000    | 133.000    | 665.000      | 133.000    |
| 5     | 0   | 5    | 0   | 0   | 0   | GET    | /api/condition/4778474c-103c-4db5-884e-e2a2f2d35f4d | 0.028 | 0.160 | 0.424   | 0.085 | 0.160 | 0.160 | 0.160 | 0.047  | 3.000      | 6583.000   | 13162.000    | 2632.400   |
| 4     | 0   | 4    | 0   | 0   | 0   | GET    | /api/isu/73101861-a0d7-4c0e-89c9-bfc146d0c8ca       | 0.004 | 0.268 | 0.420   | 0.105 | 0.268 | 0.268 | 0.268 | 0.106  | 136.000    | 136.000    | 544.000      | 136.000    |
| 1     | 0   | 1    | 0   | 0   | 0   | POST   | /initialize                                         | 0.388 | 0.388 | 0.388   | 0.388 | 0.388 | 0.388 | 0.388 | 0.000  | 23.000     | 23.000     | 23.000       | 23.000     |
| 6     | 0   | 0    | 0   | 6   | 0   | GET    | /api/condition/9895aa45-3d41-46ef-bd55-daeafaeafea6 | 0.008 | 0.168 | 0.388   | 0.065 | 0.168 | 0.168 | 0.168 | 0.071  | 14.000     | 24.000     | 121.000      | 20.167     |
| 4     | 0   | 0    | 0   | 4   | 0   | GET    | /api/isu/a61f8df5-c0bf-475a-9fbe-43b04cb587bb/graph | 0.084 | 0.176 | 0.376   | 0.094 | 0.176 | 0.176 | 0.176 | 0.064  | 14.000     | 21.000     | 72.000       | 18.000     |
| 4     | 0   | 4    | 0   | 0   | 0   | GET    | /api/isu/9ab8c44d-22af-4783-9617-2062190f8df1       | 0.004 | 0.248 | 0.368   | 0.092 | 0.248 | 0.248 | 0.248 | 0.096  | 136.000    | 136.000    | 544.000      | 136.000    |
| 4     | 0   | 4    | 0   | 0   | 0   | GET    | /api/isu/53eb4ca7-aada-4f31-81e0-16106592f774       | 0.096 | 0.164 | 0.364   | 0.091 | 0.164 | 0.164 | 0.164 | 0.059  | 145.000    | 145.000    | 580.000      | 145.000    |
| 6     | 0   | 4    | 0   | 2   | 0   | GET    | /api/isu/4f761ff6-bbfe-4df5-84cf-f8a37b3ad724       | 0.108 | 0.152 | 0.364   | 0.061 | 0.152 | 0.152 | 0.152 | 0.055  | 14.000     | 142.000    | 603.000      | 100.500    |
| 6     | 0   | 4    | 0   | 2   | 0   | GET    | /api/isu/1a7bcede-3f8b-4fad-a9fd-f77a0c2a8aec       | 0.028 | 0.176 | 0.336   | 0.056 | 0.176 | 0.176 | 0.176 | 0.065  | 14.000     | 136.000    | 579.000      | 96.500     |
| 3     | 0   | 1    | 0   | 2   | 0   | GET    | /api/isu/5688958e-104c-4405-9499-06d939329bbc       | 0.288 | 0.288 | 0.336   | 0.112 | 0.288 | 0.288 | 0.288 | 0.126  | 14.000     | 142.000    | 177.000      | 59.000     |
| 2     | 0   | 2    | 0   | 0   | 0   | GET    | /api/isu/4778474c-103c-4db5-884e-e2a2f2d35f4d/graph | 0.032 | 0.276 | 0.308   | 0.154 | 0.276 | 0.276 | 0.276 | 0.122  | 2691.000   | 4389.000   | 7080.000     | 3540.000   |
| 5     | 0   | 5    | 0   | 0   | 0   | GET    | /api/condition/5a426d26-4aea-4901-b487-becb06eb21fe | 0.024 | 0.100 | 0.288   | 0.058 | 0.100 | 0.100 | 0.100 | 0.024  | 3.000      | 5846.000   | 11701.000    | 2340.200   |
| 4     | 0   | 4    | 0   | 0   | 0   | GET    | /api/isu/d7777876-03e4-4954-8fad-385f048c4efc       | 0.004 | 0.160 | 0.276   | 0.069 | 0.160 | 0.160 | 0.160 | 0.060  | 133.000    | 133.000    | 532.000      | 133.000    |
| 4     | 0   | 4    | 0   | 0   | 0   | GET    | /api/condition/773c1bb0-31ba-4029-a028-5de7695c486b | 0.048 | 0.100 | 0.268   | 0.067 | 0.100 | 0.100 | 0.100 | 0.020  | 3.000      | 6488.000   | 16229.000    | 4057.250   |
| 4     | 0   | 4    | 0   | 0   | 0   | GET    | /api/isu/4778474c-103c-4db5-884e-e2a2f2d35f4d       | 0.024 | 0.192 | 0.264   | 0.066 | 0.192 | 0.192 | 0.192 | 0.075  | 136.000    | 136.000    | 544.000      | 136.000    |
| 2     | 0   | 2    | 0   | 0   | 0   | GET    | /api/isu/2639c108-05d8-49b3-8ac9-3da2f8362594/graph | 0.120 | 0.140 | 0.260   | 0.130 | 0.140 | 0.140 | 0.140 | 0.010  | 2691.000   | 4518.000   | 7209.000     | 3604.500   |
| 3     | 0   | 3    | 0   | 0   | 0   | GET    | /api/isu/8e8b2f15-24c1-4745-b3b2-db3508271c1a       | 0.012 | 0.132 | 0.252   | 0.084 | 0.132 | 0.132 | 0.132 | 0.052  | 142.000    | 142.000    | 426.000      | 142.000    |
| 100   | 0   | 49   | 51  | 0   | 0   | GET    | /assets/vendor.ee7444dd.js                          | 0.000 | 0.016 | 0.244   | 0.002 | 0.008 | 0.008 | 0.016 | 0.003  | 0.000      | 743417.000 | 36427433.000 | 364274.330 |
| 4     | 0   | 4    | 0   | 0   | 0   | GET    | /api/isu/066e969b-a666-49ce-9117-b11d978c84be       | 0.048 | 0.124 | 0.232   | 0.058 | 0.124 | 0.124 | 0.124 | 0.044  | 139.000    | 139.000    | 556.000      | 139.000    |
| 4     | 0   | 4    | 0   | 0   | 0   | GET    | /api/isu/d2753a1c-ef2e-4bfc-bb90-4176ad2dfe29       | 0.004 | 0.096 | 0.216   | 0.054 | 0.096 | 0.096 | 0.096 | 0.039  | 139.000    | 139.000    | 556.000      | 139.000    |
| 3     | 0   | 3    | 0   | 0   | 0   | GET    | /api/condition/48b52e25-7227-4be9-8f75-e410f4b25fd7 | 0.048 | 0.088 | 0.204   | 0.068 | 0.088 | 0.088 | 0.088 | 0.016  | 3.000      | 3048.000   | 3054.000     | 1018.000   |
| 5     | 0   | 3    | 0   | 2   | 0   | GET    | /api/isu/7ff52470-9413-4b1f-94f8-7a3f2342c52b       | 0.056 | 0.088 | 0.204   | 0.041 | 0.088 | 0.088 | 0.088 | 0.035  | 14.000     | 133.000    | 434.000      | 86.800     |
| 8     | 0   | 2    | 0   | 6   | 0   | GET    | /api/isu/c648b087-fe00-4ea2-a524-b2e80555893f/icon  | 0.136 | 0.136 | 0.200   | 0.025 | 0.136 | 0.136 | 0.136 | 0.045  | 14.000     | 20376.000  | 40857.000    | 5107.125   |
| 2     | 0   | 2    | 0   | 0   | 0   | GET    | /api/isu/773c1bb0-31ba-4029-a028-5de7695c486b/graph | 0.024 | 0.176 | 0.200   | 0.100 | 0.176 | 0.176 | 0.176 | 0.076  | 2691.000   | 2691.000   | 5382.000     | 2691.000   |
| 2     | 0   | 2    | 0   | 0   | 0   | GET    | /api/isu/d2753a1c-ef2e-4bfc-bb90-4176ad2dfe29/graph | 0.044 | 0.144 | 0.188   | 0.094 | 0.144 | 0.144 | 0.144 | 0.050  | 2691.000   | 2691.000   | 5382.000     | 2691.000   |
| 2     | 0   | 2    | 0   | 0   | 0   | GET    | /api/isu/5413c167-539a-4be5-a6d5-86849a3a5680       | 0.008 | 0.172 | 0.180   | 0.090 | 0.172 | 0.172 | 0.172 | 0.082  | 139.000    | 139.000    | 278.000      | 139.000    |
| 3     | 0   | 3    | 0   | 0   | 0   | GET    | /api/condition/0e32c2c6-dfa6-4769-ad7e-c73c07ac391d | 0.024 | 0.080 | 0.172   | 0.057 | 0.080 | 0.080 | 0.080 | 0.024  | 3.000      | 3043.000   | 3049.000     | 1016.333   |
| 4     | 0   | 2    | 0   | 2   | 0   | GET    | /api/isu/51cb01ac-9202-42c7-8e0f-86a6f7108331       | 0.152 | 0.152 | 0.172   | 0.043 | 0.152 | 0.152 | 0.152 | 0.063  | 14.000     | 136.000    | 307.000      | 76.750     |
| 6     | 0   | 0    | 0   | 6   | 0   | GET    | /api/condition/99ffdaa0-f81a-430b-88f2-2afe84082498 | 0.004 | 0.088 | 0.172   | 0.029 | 0.088 | 0.088 | 0.088 | 0.033  | 14.000     | 24.000     | 121.000      | 20.167     |
| 2     | 0   | 2    | 0   | 0   | 0   | GET    | /api/isu/48b52e25-7227-4be9-8f75-e410f4b25fd7/graph | 0.020 | 0.148 | 0.168   | 0.084 | 0.148 | 0.148 | 0.148 | 0.064  | 2691.000   | 2691.000   | 5382.000     | 2691.000   |
| 2     | 0   | 2    | 0   | 0   | 0   | GET    | /api/isu/5a426d26-4aea-4901-b487-becb06eb21fe/graph | 0.064 | 0.100 | 0.164   | 0.082 | 0.100 | 0.100 | 0.100 | 0.018  | 2691.000   | 3026.000   | 5717.000     | 2858.500   |
| 4     | 0   | 0    | 0   | 4   | 0   | GET    | /api/isu/5769eea3-bc0f-4434-80dc-8a9a25b59780/graph | 0.004 | 0.120 | 0.164   | 0.041 | 0.120 | 0.120 | 0.120 | 0.046  | 14.000     | 21.000     | 72.000       | 18.000     |
| 100   | 0   | 49   | 51  | 0   | 0   | GET    | /assets/index.23dac98b.js                           | 0.000 | 0.008 | 0.148   | 0.001 | 0.004 | 0.004 | 0.008 | 0.002  | 0.000      | 26667.000  | 1306683.000  | 13066.830  |
| 100   | 0   | 49   | 51  | 0   | 0   | GET    | /assets/index.144d8ca8.css                          | 0.000 | 0.008 | 0.148   | 0.001 | 0.004 | 0.004 | 0.008 | 0.002  | 0.000      | 19066.000  | 934234.000   | 9342.340   |
| 100   | 0   | 49   | 51  | 0   | 0   | GET    | /assets/favicon.d0f5f504.svg                        | 0.000 | 0.012 | 0.148   | 0.001 | 0.004 | 0.004 | 0.008 | 0.002  | 0.000      | 592.000    | 29008.000    | 290.080    |
| 3     | 0   | 3    | 0   | 0   | 0   | GET    | /api/condition/d390f130-f843-43ab-929b-a144eb410391 | 0.028 | 0.068 | 0.148   | 0.049 | 0.068 | 0.068 | 0.068 | 0.016  | 3.000      | 3317.000   | 3323.000     | 1107.667   |
| 7     | 0   | 1    | 0   | 6   | 0   | GET    | /api/isu/c648b087-fe00-4ea2-a524-b2e80555893f       | 0.088 | 0.088 | 0.148   | 0.021 | 0.088 | 0.088 | 0.088 | 0.030  | 14.000     | 142.000    | 247.000      | 35.286     |
| 2     | 0   | 2    | 0   | 0   | 0   | GET    | /api/isu/b7d7ff49-0c15-4a0e-82ca-86b2967bb46e       | 0.004 | 0.144 | 0.148   | 0.074 | 0.144 | 0.144 | 0.144 | 0.070  | 142.000    | 142.000    | 284.000      | 142.000    |
| 100   | 0   | 49   | 51  | 0   | 0   | GET    | /assets/logo_white.svg                              | 0.004 | 0.012 | 0.144   | 0.001 | 0.004 | 0.004 | 0.008 | 0.002  | 0.000      | 3285.000   | 160965.000   | 1609.650   |
| 8     | 0   | 0    | 0   | 8   | 0   | GET    | /api/isu/cab99f63-bb3a-4648-b6df-376396f2c7ab/graph | 0.012 | 0.052 | 0.140   | 0.017 | 0.052 | 0.052 | 0.052 | 0.014  | 14.000     | 21.000     | 144.000      | 18.000     |
| 4     | 0   | 4    | 0   | 0   | 0   | GET    | /api/isu/e2928990-3baf-461d-b6d9-de78e99bfcdf       | 0.020 | 0.044 | 0.140   | 0.035 | 0.044 | 0.044 | 0.044 | 0.009  | 139.000    | 139.000    | 556.000      | 139.000    |
| 3     | 0   | 1    | 0   | 2   | 0   | GET    | /api/isu/efb5f30e-f23b-466f-9569-b54fa21b6890       | 0.004 | 0.120 | 0.140   | 0.047 | 0.120 | 0.120 | 0.120 | 0.052  | 14.000     | 151.000    | 186.000      | 62.000     |
| 4     | 0   | 4    | 0   | 0   | 0   | GET    | /api/isu/0e32c2c6-dfa6-4769-ad7e-c73c07ac391d       | 0.020 | 0.060 | 0.136   | 0.034 | 0.060 | 0.060 | 0.060 | 0.015  | 136.000    | 136.000    | 544.000      | 136.000    |
| 2     | 0   | 2    | 0   | 0   | 0   | GET    | /api/isu/e2928990-3baf-461d-b6d9-de78e99bfcdf/graph | 0.056 | 0.076 | 0.132   | 0.066 | 0.076 | 0.076 | 0.076 | 0.010  | 3025.000   | 4708.000   | 7733.000     | 3866.500   |
| 2     | 0   | 2    | 0   | 0   | 0   | GET    | /api/isu/0e32c2c6-dfa6-4769-ad7e-c73c07ac391d/graph | 0.036 | 0.096 | 0.132   | 0.066 | 0.096 | 0.096 | 0.096 | 0.030  | 2691.000   | 2691.000   | 5382.000     | 2691.000   |
| 4     | 0   | 4    | 0   | 0   | 0   | GET    | /api/isu/5a426d26-4aea-4901-b487-becb06eb21fe       | 0.008 | 0.052 | 0.128   | 0.032 | 0.052 | 0.052 | 0.052 | 0.016  | 139.000    | 139.000    | 556.000      | 139.000    |
| 4     | 0   | 0    | 0   | 4   | 0   | GET    | /api/isu/cab99f63-bb3a-4648-b6df-376396f2c7ab/icon  | 0.060 | 0.064 | 0.124   | 0.031 | 0.064 | 0.064 | 0.064 | 0.031  | 14.000     | 21.000     | 70.000       | 17.500     |
| 2     | 0   | 2    | 0   | 0   | 0   | GET    | /api/isu/044f3862-7f28-423c-8f9c-9e210d498d6f       | 0.116 | 0.116 | 0.116   | 0.058 | 0.116 | 0.116 | 0.116 | 0.058  | 136.000    | 136.000    | 272.000      | 136.000    |
| 4     | 0   | 4    | 0   | 0   | 0   | GET    | /api/isu/773c1bb0-31ba-4029-a028-5de7695c486b       | 0.008 | 0.048 | 0.108   | 0.027 | 0.048 | 0.048 | 0.048 | 0.016  | 139.000    | 139.000    | 556.000      | 139.000    |
| 4     | 0   | 0    | 0   | 4   | 0   | GET    | /api/isu/b7d7ff49-0c15-4a0e-82ca-86b2967bb46e/graph | 0.020 | 0.044 | 0.100   | 0.025 | 0.044 | 0.044 | 0.044 | 0.017  | 14.000     | 21.000     | 72.000       | 18.000     |
| 48    | 0   | 48   | 0   | 0   | 0   | GET    | /assets/logo_orange.svg                             | 0.004 | 0.012 | 0.096   | 0.002 | 0.004 | 0.004 | 0.012 | 0.003  | 3288.000   | 3288.000   | 157824.000   | 3288.000   |
| 95    | 0   | 76   | 19  | 0   | 0   | GET    | /                                                   | 0.000 | 0.008 | 0.092   | 0.001 | 0.004 | 0.004 | 0.008 | 0.002  | 0.000      | 528.000    | 40128.000    | 422.400    |
| 2     | 0   | 2    | 0   | 0   | 0   | GET    | /api/isu/d390f130-f843-43ab-929b-a144eb410391/graph | 0.032 | 0.060 | 0.092   | 0.046 | 0.060 | 0.060 | 0.060 | 0.014  | 2691.000   | 2691.000   | 5382.000     | 2691.000   |
| 6     | 0   | 0    | 0   | 6   | 0   | GET    | /api/condition/484a08ab-a941-44c4-8fc5-dd10e0ef64de | 0.004 | 0.060 | 0.084   | 0.014 | 0.060 | 0.060 | 0.060 | 0.021  | 14.000     | 24.000     | 121.000      | 20.167     |
| 3     | 0   | 1    | 0   | 2   | 0   | GET    | /api/isu/d8a8d771-f7aa-460e-ac64-e8dad9fbe822       | 0.068 | 0.068 | 0.080   | 0.027 | 0.068 | 0.068 | 0.068 | 0.030  | 14.000     | 136.000    | 171.000      | 57.000     |
| 4     | 0   | 4    | 0   | 0   | 0   | GET    | /api/isu/d390f130-f843-43ab-929b-a144eb410391       | 0.004 | 0.040 | 0.056   | 0.014 | 0.040 | 0.040 | 0.040 | 0.015  | 139.000    | 139.000    | 556.000      | 139.000    |
| 1     | 0   | 1    | 0   | 0   | 0   | GET    | /api/isu/4cd5ccaa-c00e-4fea-927e-80d664e5b3bd       | 0.044 | 0.044 | 0.044   | 0.044 | 0.044 | 0.044 | 0.044 | 0.000  | 133.000    | 133.000    | 133.000      | 133.000    |
| 4     | 0   | 4    | 0   | 0   | 0   | GET    | /api/isu/48b52e25-7227-4be9-8f75-e410f4b25fd7       | 0.004 | 0.012 | 0.036   | 0.009 | 0.012 | 0.012 | 0.012 | 0.003  | 139.000    | 139.000    | 556.000      | 139.000    |
| 1     | 0   | 1    | 0   | 0   | 0   | GET    | /api/isu/9895aa45-3d41-46ef-bd55-daeafaeafea6       | 0.036 | 0.036 | 0.036   | 0.036 | 0.036 | 0.036 | 0.036 | 0.000  | 139.000    | 139.000    | 139.000      | 139.000    |
| 1     | 0   | 1    | 0   | 0   | 0   | GET    | /api/isu/a61f8df5-c0bf-475a-9fbe-43b04cb587bb       | 0.036 | 0.036 | 0.036   | 0.036 | 0.036 | 0.036 | 0.036 | 0.000  | 133.000    | 133.000    | 133.000      | 133.000    |
| 1     | 0   | 1    | 0   | 0   | 0   | GET    | /api/isu/5769eea3-bc0f-4434-80dc-8a9a25b59780       | 0.032 | 0.032 | 0.032   | 0.032 | 0.032 | 0.032 | 0.032 | 0.000  | 136.000    | 136.000    | 136.000      | 136.000    |
| 4     | 0   | 0    | 0   | 4   | 0   | GET    | /api/isu/cab99f63-bb3a-4648-b6df-376396f2c7ab       | 0.016 | 0.016 | 0.032   | 0.008 | 0.016 | 0.016 | 0.016 | 0.008  | 14.000     | 21.000     | 70.000       | 17.500     |
| 1     | 0   | 1    | 0   | 0   | 0   | GET    | /api/isu/7f8acfe4-e06c-418b-b160-6aada929013d       | 0.032 | 0.032 | 0.032   | 0.032 | 0.032 | 0.032 | 0.032 | 0.000  | 130.000    | 130.000    | 130.000      | 130.000    |
| 1     | 0   | 1    | 0   | 0   | 0   | GET    | /api/isu/124a5c23-3351-433e-8ecf-a5c781b88d28       | 0.020 | 0.020 | 0.020   | 0.020 | 0.020 | 0.020 | 0.020 | 0.000  | 139.000    | 139.000    | 139.000      | 139.000    |
| 1     | 0   | 1    | 0   | 0   | 0   | GET    | /api/isu/3534ee76-952b-432a-8c26-8e2c3730bb83       | 0.020 | 0.020 | 0.020   | 0.020 | 0.020 | 0.020 | 0.020 | 0.000  | 136.000    | 136.000    | 136.000      | 136.000    |
| 1     | 0   | 1    | 0   | 0   | 0   | GET    | /api/isu/99ffdaa0-f81a-430b-88f2-2afe84082498       | 0.016 | 0.016 | 0.016   | 0.016 | 0.016 | 0.016 | 0.016 | 0.000  | 139.000    | 139.000    | 139.000      | 139.000    |
| 1     | 0   | 1    | 0   | 0   | 0   | GET    | /api/isu/896a93d4-e6aa-4b2a-b667-a76e09fa6b0c       | 0.008 | 0.008 | 0.008   | 0.008 | 0.008 | 0.008 | 0.008 | 0.000  | 154.000    | 154.000    | 154.000      | 154.000    |
| 1     | 0   | 1    | 0   | 0   | 0   | GET    | /api/isu/7f9f2387-1c3c-4b70-817f-98366b509981       | 0.008 | 0.008 | 0.008   | 0.008 | 0.008 | 0.008 | 0.008 | 0.000  | 124.000    | 124.000    | 124.000      | 124.000    |
| 1     | 0   | 1    | 0   | 0   | 0   | GET    | /api/isu/5d064f0b-5ade-40aa-ba7d-5ad0fa4af873       | 0.008 | 0.008 | 0.008   | 0.008 | 0.008 | 0.008 | 0.008 | 0.000  | 142.000    | 142.000    | 142.000      | 142.000    |
| 3     | 0   | 1    | 0   | 2   | 0   | GET    | /api/isu/b82dcff4-8fae-4773-9956-22ab354adb7e       | 0.008 | 0.008 | 0.008   | 0.003 | 0.008 | 0.008 | 0.008 | 0.004  | 14.000     | 136.000    | 171.000      | 57.000     |
| 1     | 0   | 1    | 0   | 0   | 0   | GET    | /api/isu/d8ef5b40-1130-47aa-a8ac-3ec0133850d6       | 0.008 | 0.008 | 0.008   | 0.008 | 0.008 | 0.008 | 0.008 | 0.000  | 136.000    | 136.000    | 136.000      | 136.000    |
| 1     | 0   | 1    | 0   | 0   | 0   | GET    | /api/isu/5f6afd10-e04e-455e-9118-fe4a37b9efad       | 0.008 | 0.008 | 0.008   | 0.008 | 0.008 | 0.008 | 0.008 | 0.000  | 130.000    | 130.000    | 130.000      | 130.000    |
| 1     | 0   | 1    | 0   | 0   | 0   | GET    | /isu/15063e10-26fc-4dac-ae3a-1f195e0c6c4a           | 0.004 | 0.004 | 0.004   | 0.004 | 0.004 | 0.004 | 0.004 | 0.000  | 528.000    | 528.000    | 528.000      | 528.000    |
| 1     | 0   | 1    | 0   | 0   | 0   | GET    | /api/isu/c7e9932f-5603-4acd-95ab-44cf9dea93b1       | 0.004 | 0.004 | 0.004   | 0.004 | 0.004 | 0.004 | 0.004 | 0.000  | 133.000    | 133.000    | 133.000      | 133.000    |
| 2     | 0   | 2    | 0   | 0   | 0   | GET    | /api/isu/eb104b95-3532-4828-8550-89da717b9667/graph | 0.000 | 0.004 | 0.004   | 0.002 | 0.004 | 0.004 | 0.004 | 0.002  | 5295.000   | 6841.000   | 12136.000    | 6068.000   |
| 2     | 0   | 2    | 0   | 0   | 0   | GET    | /api/isu/15063e10-26fc-4dac-ae3a-1f195e0c6c4a/icon  | 0.004 | 0.004 | 0.004   | 0.002 | 0.004 | 0.004 | 0.004 | 0.002  | 9453.000   | 9453.000   | 18906.000    | 9453.000   |
| 3     | 0   | 1    | 2   | 0   | 0   | GET    | /isu/15063e10-26fc-4dac-ae3a-1f195e0c6c4a/condition | 0.004 | 0.004 | 0.004   | 0.001 | 0.004 | 0.004 | 0.004 | 0.002  | 0.000      | 528.000    | 528.000      | 176.000    |
| 2     | 0   | 2    | 0   | 0   | 0   | GET    | /api/isu/8469e6f6-0d29-4052-87cf-dd9bfde45014/icon  | 0.004 | 0.004 | 0.004   | 0.002 | 0.004 | 0.004 | 0.004 | 0.002  | 20872.000  | 20872.000  | 41744.000    | 20872.000  |
| 2     | 0   | 2    | 0   | 0   | 0   | GET    | /api/isu/8469e6f6-0d29-4052-87cf-dd9bfde45014/graph | 0.000 | 0.004 | 0.004   | 0.002 | 0.004 | 0.004 | 0.004 | 0.002  | 5297.000   | 6853.000   | 12150.000    | 6075.000   |
| 1     | 0   | 1    | 0   | 0   | 0   | GET    | /isu/b82dcff4-8fae-4773-9956-22ab354adb7e/graph     | 0.004 | 0.004 | 0.004   | 0.004 | 0.004 | 0.004 | 0.004 | 0.000  | 528.000    | 528.000    | 528.000      | 528.000    |
| 1     | 0   | 1    | 0   | 0   | 0   | GET    | /api/isu/484a08ab-a941-44c4-8fc5-dd10e0ef64de       | 0.004 | 0.004 | 0.004   | 0.004 | 0.004 | 0.004 | 0.004 | 0.000  | 145.000    | 145.000    | 145.000      | 145.000    |
| 1     | 0   | 1    | 0   | 0   | 0   | GET    | /isu/8fb74e6e-4f8d-4a33-9862-dbcdc0712c7e/graph     | 0.004 | 0.004 | 0.004   | 0.004 | 0.004 | 0.004 | 0.004 | 0.000  | 528.000    | 528.000    | 528.000      | 528.000    |
| 1     | 0   | 1    | 0   | 0   | 0   | GET    | /api/isu/a2ac998b-3090-4957-8dc8-b394bf0b0266       | 0.004 | 0.004 | 0.004   | 0.004 | 0.004 | 0.004 | 0.004 | 0.000  | 142.000    | 142.000    | 142.000      | 142.000    |
| 3     | 0   | 1    | 2   | 0   | 0   | GET    | /isu/8fb74e6e-4f8d-4a33-9862-dbcdc0712c7e/condition | 0.000 | 0.000 | 0.000   | 0.000 | 0.000 | 0.000 | 0.000 | 0.000  | 0.000      | 528.000    | 528.000      | 176.000    |
| 1     | 0   | 1    | 0   | 0   | 0   | GET    | /api/isu/eb104b95-3532-4828-8550-89da717b9667       | 0.000 | 0.000 | 0.000   | 0.000 | 0.000 | 0.000 | 0.000 | 0.000  | 138.000    | 138.000    | 138.000      | 138.000    |
| 3     | 0   | 1    | 2   | 0   | 0   | GET    | /isu/b82dcff4-8fae-4773-9956-22ab354adb7e/condition | 0.000 | 0.000 | 0.000   | 0.000 | 0.000 | 0.000 | 0.000 | 0.000  | 0.000      | 528.000    | 528.000      | 176.000    |
| 1     | 0   | 1    | 0   | 0   | 0   | GET    | /isu/b82dcff4-8fae-4773-9956-22ab354adb7e           | 0.000 | 0.000 | 0.000   | 0.000 | 0.000 | 0.000 | 0.000 | 0.000  | 528.000    | 528.000    | 528.000      | 528.000    |
| 3     | 0   | 3    | 0   | 0   | 0   | GET    | /api/condition/8fb74e6e-4f8d-4a33-9862-dbcdc0712c7e | 0.000 | 0.000 | 0.000   | 0.000 | 0.000 | 0.000 | 0.000 | 0.000  | 3.000      | 6127.000   | 8293.000     | 2764.333   |
| 1     | 0   | 1    | 0   | 0   | 0   | GET    | /isu/c648b087-fe00-4ea2-a524-b2e80555893f/graph     | 0.000 | 0.000 | 0.000   | 0.000 | 0.000 | 0.000 | 0.000 | 0.000  | 528.000    | 528.000    | 528.000      | 528.000    |
| 2     | 0   | 2    | 0   | 0   | 0   | GET    | /api/isu/8fb74e6e-4f8d-4a33-9862-dbcdc0712c7e/graph | 0.000 | 0.000 | 0.000   | 0.000 | 0.000 | 0.000 | 0.000 | 0.000  | 5298.000   | 6875.000   | 12173.000    | 6086.500   |
| 3     | 0   | 3    | 0   | 0   | 0   | GET    | /api/condition/b82dcff4-8fae-4773-9956-22ab354adb7e | 0.000 | 0.000 | 0.000   | 0.000 | 0.000 | 0.000 | 0.000 | 0.000  | 3.000      | 6191.000   | 6505.000     | 2168.333   |
| 2     | 0   | 2    | 0   | 0   | 0   | GET    | /api/isu/8fb74e6e-4f8d-4a33-9862-dbcdc0712c7e/icon  | 0.000 | 0.000 | 0.000   | 0.000 | 0.000 | 0.000 | 0.000 | 0.000  | 14566.000  | 14566.000  | 29132.000    | 14566.000  |
| 1     | 0   | 1    | 0   | 0   | 0   | GET    | /api/isu/8fb74e6e-4f8d-4a33-9862-dbcdc0712c7e       | 0.000 | 0.000 | 0.000   | 0.000 | 0.000 | 0.000 | 0.000 | 0.000  | 132.000    | 132.000    | 132.000      | 132.000    |
| 1     | 0   | 1    | 0   | 0   | 0   | GET    | /isu/8fb74e6e-4f8d-4a33-9862-dbcdc0712c7e           | 0.000 | 0.000 | 0.000   | 0.000 | 0.000 | 0.000 | 0.000 | 0.000  | 528.000    | 528.000    | 528.000      | 528.000    |
| 3     | 0   | 3    | 0   | 0   | 0   | GET    | /api/condition/8469e6f6-0d29-4052-87cf-dd9bfde45014 | 0.000 | 0.000 | 0.000   | 0.000 | 0.000 | 0.000 | 0.000 | 0.000  | 3.000      | 6382.000   | 7301.000     | 2433.667   |
| 1     | 0   | 1    | 0   | 0   | 0   | GET    | /api/condition/c7e9932f-5603-4acd-95ab-44cf9dea93b1 | 0.000 | 0.000 | 0.000   | 0.000 | 0.000 | 0.000 | 0.000 | 0.000  | 3.000      | 3.000      | 3.000        | 3.000      |
| 1     | 0   | 1    | 0   | 0   | 0   | GET    | /isu/eb104b95-3532-4828-8550-89da717b9667           | 0.000 | 0.000 | 0.000   | 0.000 | 0.000 | 0.000 | 0.000 | 0.000  | 528.000    | 528.000    | 528.000      | 528.000    |
| 3     | 0   | 1    | 2   | 0   | 0   | GET    | /isu/8469e6f6-0d29-4052-87cf-dd9bfde45014/condition | 0.000 | 0.000 | 0.000   | 0.000 | 0.000 | 0.000 | 0.000 | 0.000  | 0.000      | 528.000    | 528.000      | 176.000    |
| 4     | 0   | 2    | 0   | 2   | 0   | GET    | /api/isu/b82dcff4-8fae-4773-9956-22ab354adb7e/icon  | 0.000 | 0.000 | 0.000   | 0.000 | 0.000 | 0.000 | 0.000 | 0.000  | 14.000     | 7994.000   | 16023.000    | 4005.750   |
| 1     | 0   | 1    | 0   | 0   | 0   | GET    | /isu/8469e6f6-0d29-4052-87cf-dd9bfde45014/graph     | 0.000 | 0.000 | 0.000   | 0.000 | 0.000 | 0.000 | 0.000 | 0.000  | 528.000    | 528.000    | 528.000      | 528.000    |
| 2     | 0   | 2    | 0   | 0   | 0   | GET    | /api/isu/eb104b95-3532-4828-8550-89da717b9667/icon  | 0.000 | 0.000 | 0.000   | 0.000 | 0.000 | 0.000 | 0.000 | 0.000  | 11209.000  | 11209.000  | 22418.000    | 11209.000  |
| 1     | 0   | 1    | 0   | 0   | 0   | GET    | /isu/8469e6f6-0d29-4052-87cf-dd9bfde45014           | 0.000 | 0.000 | 0.000   | 0.000 | 0.000 | 0.000 | 0.000 | 0.000  | 528.000    | 528.000    | 528.000      | 528.000    |
| 1     | 0   | 1    | 0   | 0   | 0   | GET    | /isu/eb104b95-3532-4828-8550-89da717b9667/graph     | 0.000 | 0.000 | 0.000   | 0.000 | 0.000 | 0.000 | 0.000 | 0.000  | 528.000    | 528.000    | 528.000      | 528.000    |
| 2     | 0   | 2    | 0   | 0   | 0   | GET    | /api/isu/15063e10-26fc-4dac-ae3a-1f195e0c6c4a/graph | 0.000 | 0.000 | 0.000   | 0.000 | 0.000 | 0.000 | 0.000 | 0.000  | 5306.000   | 6866.000   | 12172.000    | 6086.000   |
| 1     | 0   | 1    | 0   | 0   | 0   | GET    | /isu/15063e10-26fc-4dac-ae3a-1f195e0c6c4a/graph     | 0.000 | 0.000 | 0.000   | 0.000 | 0.000 | 0.000 | 0.000 | 0.000  | 528.000    | 528.000    | 528.000      | 528.000    |
| 1     | 0   | 1    | 0   | 0   | 0   | GET    | /api/isu/c7e9932f-5603-4acd-95ab-44cf9dea93b1/icon  | 0.000 | 0.000 | 0.000   | 0.000 | 0.000 | 0.000 | 0.000 | 0.000  | 7994.000   | 7994.000   | 7994.000     | 7994.000   |
| 1     | 0   | 1    | 0   | 0   | 0   | GET    | /api/isu/15063e10-26fc-4dac-ae3a-1f195e0c6c4a       | 0.000 | 0.000 | 0.000   | 0.000 | 0.000 | 0.000 | 0.000 | 0.000  | 141.000    | 141.000    | 141.000      | 141.000    |
| 3     | 0   | 1    | 2   | 0   | 0   | GET    | /isu/eb104b95-3532-4828-8550-89da717b9667/condition | 0.000 | 0.000 | 0.000   | 0.000 | 0.000 | 0.000 | 0.000 | 0.000  | 0.000      | 528.000    | 528.000      | 176.000    |
| 2     | 0   | 2    | 0   | 0   | 0   | GET    | /api/isu/c0d0a7c0-d63e-45cb-9cca-9b1ac229e443/icon  | 0.000 | 0.000 | 0.000   | 0.000 | 0.000 | 0.000 | 0.000 | 0.000  | 11209.000  | 11209.000  | 22418.000    | 11209.000  |
| 3     | 0   | 3    | 0   | 0   | 0   | GET    | /api/condition/eb104b95-3532-4828-8550-89da717b9667 | 0.000 | 0.000 | 0.000   | 0.000 | 0.000 | 0.000 | 0.000 | 0.000  | 3.000      | 6176.000   | 6489.000     | 2163.000   |
| 2     | 0   | 2    | 0   | 0   | 0   | GET    | /api/isu/c0d0a7c0-d63e-45cb-9cca-9b1ac229e443       | 0.000 | 0.000 | 0.000   | 0.000 | 0.000 | 0.000 | 0.000 | 0.000  | 133.000    | 133.000    | 266.000      | 133.000    |
| 1     | 0   | 1    | 0   | 0   | 0   | GET    | /isu/c648b087-fe00-4ea2-a524-b2e80555893f           | 0.000 | 0.000 | 0.000   | 0.000 | 0.000 | 0.000 | 0.000 | 0.000  | 528.000    | 528.000    | 528.000      | 528.000    |
| 2     | 0   | 2    | 0   | 0   | 0   | GET    | /api/isu/68e9cd8c-ea3b-47bf-b04c-74f483a2d149       | 0.000 | 0.000 | 0.000   | 0.000 | 0.000 | 0.000 | 0.000 | 0.000  | 136.000    | 136.000    | 272.000      | 136.000    |
| 3     | 0   | 1    | 2   | 0   | 0   | GET    | /register                                           | 0.000 | 0.000 | 0.000   | 0.000 | 0.000 | 0.000 | 0.000 | 0.000  | 0.000      | 528.000    | 528.000      | 176.000    |
| 3     | 0   | 1    | 2   | 0   | 0   | GET    | /isu/c648b087-fe00-4ea2-a524-b2e80555893f/condition | 0.000 | 0.000 | 0.000   | 0.000 | 0.000 | 0.000 | 0.000 | 0.000  | 0.000      | 528.000    | 528.000      | 176.000    |
+-------+-----+------+-----+-----+-----+--------+-----------------------------------------------------+-------+-------+---------+-------+-------+-------+-------+--------+------------+------------+--------------+------------+
