+--------+-----+--------+------+------+-----+--------+-----------------------------------------------------+-------+-------+----------+-------+-------+-------+-------+--------+------------+------------+---------------+-----------+
| COUNT  | 1XX |  2XX   | 3XX  | 4XX  | 5XX | METHOD |                         URI                         |  MIN  |  MAX  |   SUM    |  AVG  |  P90  |  P95  |  P99  | STDDEV | MIN(BODY)  | MAX(BODY)  |   SUM(BODY)   | AVG(BODY) |
+--------+-----+--------+------+------+-----+--------+-----------------------------------------------------+-------+-------+----------+-------+-------+-------+-------+--------+------------+------------+---------------+-----------+
| 200006 | 0   | 194702 | 0    | 5304 | 0   | POST   | /api/condition/[0-9a-f\-]{36}$                      | 0.004 | 0.116 | 1458.568 | 0.007 | 0.016 | 0.044 | 0.100 | 0.019  | 0.000      | 14.000     | 154.000       | 0.001     |
| 9916   | 0   | 9806   | 0    | 110  | 0   | GET    | /api/trend                                          | 0.004 | 1.004 | 1064.949 | 0.107 | 0.288 | 0.464 | 1.000 | 0.174  | 0.000      | 18919.000  | 116979827.000 | 11797.078 |
| 10727  | 0   | 10500  | 0    | 227  | 0   | GET    | /api/isu/[0-9a-f\-]{36}/icon$                       | 0.004 | 1.004 | 798.284  | 0.074 | 0.220 | 0.388 | 0.996 | 0.162  | 0.000      | 135259.000 | 276002487.000 | 25729.700 |
| 3832   | 0   | 3486   | 0    | 346  | 0   | GET    | /api/condition/[0-9a-f\-]{36}$                      | 0.004 | 2.516 | 565.324  | 0.148 | 0.464 | 0.744 | 1.000 | 0.239  | 0.000      | 7303.000   | 18187396.000  | 4746.189  |
| 1705   | 0   | 1655   | 0    | 50   | 0   | GET    | /api/isu                                            | 0.004 | 1.004 | 156.705  | 0.092 | 0.252 | 0.408 | 0.976 | 0.166  | 3.000      | 4757.000   | 4440883.000   | 2604.623  |
| 1480   | 0   | 1284   | 0    | 196  | 0   | GET    | /api/isu/[0-9a-f\-]{36}/graph$                      | 0.004 | 1.000 | 150.016  | 0.101 | 0.292 | 0.460 | 1.000 | 0.176  | 0.000      | 7431.000   | 5719731.000   | 3864.683  |
| 1749   | 0   | 1614   | 0    | 135  | 0   | GET    | /api/isu/[0-9a-f\-]{36}$                            | 0.004 | 1.004 | 141.397  | 0.081 | 0.240 | 0.436 | 1.000 | 0.180  | 0.000      | 158.000    | 223618.000    | 127.855   |
| 205    | 0   | 198    | 0    | 7    | 0   | POST   | /api/isu                                            | 0.004 | 1.000 | 33.116   | 0.162 | 0.408 | 0.600 | 0.900 | 0.184  | 15.000     | 158.000    | 27491.000     | 134.102   |
| 9987   | 0   | 446    | 9541 | 0    | 0   | GET    | /assets/vendor.ee7444dd.js                          | 0.004 | 0.084 | 29.336   | 0.003 | 0.004 | 0.008 | 0.028 | 0.005  | 743417.000 | 743417.000 | 331563982.000 | 33199.558 |
| 9987   | 0   | 433    | 9554 | 0    | 0   | GET    | /assets/favicon.d0f5f504.svg                        | 0.004 | 0.060 | 26.248   | 0.003 | 0.004 | 0.008 | 0.020 | 0.004  | 592.000    | 592.000    | 256336.000    | 25.667    |
| 9987   | 0   | 432    | 9555 | 0    | 0   | GET    | /assets/index.23dac98b.js                           | 0.000 | 0.052 | 26.140   | 0.003 | 0.004 | 0.008 | 0.020 | 0.004  | 26667.000  | 26667.000  | 11520144.000  | 1153.514  |
| 9987   | 0   | 445    | 9542 | 0    | 0   | GET    | /assets/index.144d8ca8.css                          | 0.004 | 0.060 | 25.396   | 0.003 | 0.004 | 0.008 | 0.020 | 0.004  | 19066.000  | 19066.000  | 8484370.000   | 849.541   |
| 10248  | 0   | 734    | 9514 | 0    | 0   | GET    | /                                                   | 0.024 | 0.056 | 24.350   | 0.002 | 0.004 | 0.008 | 0.020 | 0.004  | 528.000    | 528.000    | 387552.000    | 37.817    |
| 9918   | 0   | 431    | 9487 | 0    | 0   | GET    | /assets/logo_orange.svg                             | 0.008 | 0.060 | 24.152   | 0.002 | 0.004 | 0.008 | 0.024 | 0.004  | 3288.000   | 3288.000   | 1417128.000   | 142.884   |
| 9987   | 0   | 434    | 9553 | 0    | 0   | GET    | /assets/logo_white.svg                              | 0.004 | 0.060 | 23.748   | 0.002 | 0.004 | 0.008 | 0.024 | 0.004  | 3285.000   | 3285.000   | 1425690.000   | 142.755   |
| 668    | 0   | 393    | 0    | 275  | 0   | POST   | /api/auth                                           | 0.004 | 1.000 | 20.652   | 0.031 | 0.048 | 0.156 | 0.412 | 0.098  | 0.000      | 19.000     | 3128.000      | 4.683     |
| 577    | 0   | 290    | 0    | 287  | 0   | GET    | /api/user/me                                        | 0.000 | 1.004 | 10.885   | 0.019 | 0.040 | 0.096 | 0.308 | 0.064  | 21.000     | 46.000     | 16965.000     | 29.402    |
| 291    | 0   | 254    | 0    | 37   | 0   | POST   | /api/signout                                        | 0.000 | 1.000 | 9.616    | 0.033 | 0.048 | 0.144 | 0.740 | 0.113  | 0.000      | 21.000     | 756.000       | 2.598     |
| 1      | 0   | 1      | 0    | 0    | 0   | POST   | /initialize                                         | 0.216 | 0.216 | 0.216    | 0.216 | 0.216 | 0.216 | 0.216 | 0.000  | 23.000     | 23.000     | 23.000        | 23.000    |
| 3      | 0   | 2      | 1    | 0    | 0   | GET    | /isu/eb104b95-3532-4828-8550-89da717b9667/condition | 0.004 | 0.004 | 0.008    | 0.003 | 0.004 | 0.004 | 0.004 | 0.002  | 0.000      | 528.000    | 1056.000      | 352.000   |
| 3      | 0   | 1      | 2    | 0    | 0   | GET    | /isu/cab99f63-bb3a-4648-b6df-376396f2c7ab/condition | 0.004 | 0.004 | 0.008    | 0.003 | 0.004 | 0.004 | 0.004 | 0.002  | 0.000      | 528.000    | 528.000       | 176.000   |
| 3      | 0   | 1      | 2    | 0    | 0   | GET    | /register                                           | 0.000 | 0.004 | 0.004    | 0.001 | 0.004 | 0.004 | 0.004 | 0.002  | 0.000      | 528.000    | 528.000       | 176.000   |
| 1      | 0   | 1      | 0    | 0    | 0   | GET    | /isu/15063e10-26fc-4dac-ae3a-1f195e0c6c4a           | 0.004 | 0.004 | 0.004    | 0.004 | 0.004 | 0.004 | 0.004 | 0.000  | 528.000    | 528.000    | 528.000       | 528.000   |
| 1      | 0   | 1      | 0    | 0    | 0   | GET    | /isu/cab99f63-bb3a-4648-b6df-376396f2c7ab           | 0.004 | 0.004 | 0.004    | 0.004 | 0.004 | 0.004 | 0.004 | 0.000  | 528.000    | 528.000    | 528.000       | 528.000   |
| 3      | 0   | 1      | 2    | 0    | 0   | GET    | /isu/8fb74e6e-4f8d-4a33-9862-dbcdc0712c7e/condition | 0.000 | 0.004 | 0.004    | 0.001 | 0.004 | 0.004 | 0.004 | 0.002  | 0.000      | 528.000    | 528.000       | 176.000   |
| 1      | 0   | 1      | 0    | 0    | 0   | GET    | /isu/8fb74e6e-4f8d-4a33-9862-dbcdc0712c7e           | 0.000 | 0.000 | 0.000    | 0.000 | 0.000 | 0.000 | 0.000 | 0.000  | 528.000    | 528.000    | 528.000       | 528.000   |
| 1      | 0   | 1      | 0    | 0    | 0   | GET    | /isu/b82dcff4-8fae-4773-9956-22ab354adb7e/graph     | 0.000 | 0.000 | 0.000    | 0.000 | 0.000 | 0.000 | 0.000 | 0.000  | 528.000    | 528.000    | 528.000       | 528.000   |
| 3      | 0   | 1      | 2    | 0    | 0   | GET    | /isu/b82dcff4-8fae-4773-9956-22ab354adb7e/condition | 0.000 | 0.000 | 0.000    | 0.000 | 0.000 | 0.000 | 0.000 | 0.000  | 0.000      | 528.000    | 528.000       | 176.000   |
| 1      | 0   | 1      | 0    | 0    | 0   | GET    | /isu/eb104b95-3532-4828-8550-89da717b9667           | 0.000 | 0.000 | 0.000    | 0.000 | 0.000 | 0.000 | 0.000 | 0.000  | 528.000    | 528.000    | 528.000       | 528.000   |
| 1      | 0   | 1      | 0    | 0    | 0   | GET    | /isu/eb104b95-3532-4828-8550-89da717b9667/graph     | 0.000 | 0.000 | 0.000    | 0.000 | 0.000 | 0.000 | 0.000 | 0.000  | 528.000    | 528.000    | 528.000       | 528.000   |
| 1      | 0   | 1      | 0    | 0    | 0   | GET    | /isu/b82dcff4-8fae-4773-9956-22ab354adb7e           | 0.000 | 0.000 | 0.000    | 0.000 | 0.000 | 0.000 | 0.000 | 0.000  | 528.000    | 528.000    | 528.000       | 528.000   |
| 1      | 0   | 1      | 0    | 0    | 0   | GET    | /isu/8fb74e6e-4f8d-4a33-9862-dbcdc0712c7e/graph     | 0.000 | 0.000 | 0.000    | 0.000 | 0.000 | 0.000 | 0.000 | 0.000  | 528.000    | 528.000    | 528.000       | 528.000   |
| 3      | 0   | 1      | 2    | 0    | 0   | GET    | /isu/15063e10-26fc-4dac-ae3a-1f195e0c6c4a/condition | 0.000 | 0.000 | 0.000    | 0.000 | 0.000 | 0.000 | 0.000 | 0.000  | 0.000      | 528.000    | 528.000       | 176.000   |
| 1      | 0   | 1      | 0    | 0    | 0   | GET    | /isu/cab99f63-bb3a-4648-b6df-376396f2c7ab/graph     | 0.000 | 0.000 | 0.000    | 0.000 | 0.000 | 0.000 | 0.000 | 0.000  | 528.000    | 528.000    | 528.000       | 528.000   |
| 3      | 0   | 1      | 2    | 0    | 0   | GET    | /isu/8469e6f6-0d29-4052-87cf-dd9bfde45014/condition | 0.000 | 0.000 | 0.000    | 0.000 | 0.000 | 0.000 | 0.000 | 0.000  | 0.000      | 528.000    | 528.000       | 176.000   |
| 1      | 0   | 1      | 0    | 0    | 0   | GET    | /isu/8469e6f6-0d29-4052-87cf-dd9bfde45014/graph     | 0.000 | 0.000 | 0.000    | 0.000 | 0.000 | 0.000 | 0.000 | 0.000  | 528.000    | 528.000    | 528.000       | 528.000   |
| 1      | 0   | 1      | 0    | 0    | 0   | GET    | /isu/8469e6f6-0d29-4052-87cf-dd9bfde45014           | 0.000 | 0.000 | 0.000    | 0.000 | 0.000 | 0.000 | 0.000 | 0.000  | 528.000    | 528.000    | 528.000       | 528.000   |
| 1      | 0   | 1      | 0    | 0    | 0   | GET    | /isu/15063e10-26fc-4dac-ae3a-1f195e0c6c4a/graph     | 0.000 | 0.000 | 0.000    | 0.000 | 0.000 | 0.000 | 0.000 | 0.000  | 528.000    | 528.000    | 528.000       | 528.000   |
+--------+-----+--------+------+------+-----+--------+-----------------------------------------------------+-------+-------+----------+-------+-------+-------+-------+--------+------------+------------+---------------+-----------+
