+-------+-----+-------+-----+-----+-----+--------+-----------------------------------------------------+-------+-------+---------+-------+-------+-------+-------+--------+-----------+------------+---------------+------------+
| COUNT | 1XX |  2XX  | 3XX | 4XX | 5XX | METHOD |                         URI                         |  MIN  |  MAX  |   SUM   |  AVG  |  P90  |  P95  |  P99  | STDDEV | MIN(BODY) | MAX(BODY)  |   SUM(BODY)   | AVG(BODY)  |
+-------+-----+-------+-----+-----+-----+--------+-----------------------------------------------------+-------+-------+---------+-------+-------+-------+-------+--------+-----------+------------+---------------+------------+
| 496   | 0   | 225   | 0   | 271 | 0   | GET    | /api/trend                                          | 0.024 | 1.004 | 398.888 | 0.804 | 1.000 | 1.000 | 1.004 | 0.290  | 0.000     | 8196.000   | 1771666.000   | 3571.907   |
| 76001 | 0   | 75936 | 0   | 65  | 0   | POST   | /api/condition/[0-9a-f\-]{36}$                      | 0.004 | 0.108 | 298.792 | 0.004 | 0.008 | 0.028 | 0.056 | 0.011  | 0.000     | 14.000     | 28.000        | 0.000      |
| 15918 | 0   | 15679 | 0   | 239 | 0   | GET    | /api/isu/[0-9a-f\-]{36}/icon$                       | 0.004 | 0.228 | 255.692 | 0.016 | 0.036 | 0.048 | 0.076 | 0.017  | 0.000     | 135259.000 | 392825347.000 | 24678.059  |
| 5682  | 0   | 5138  | 0   | 544 | 0   | GET    | /api/condition/[0-9a-f\-]{36}$                      | 0.004 | 0.364 | 167.824 | 0.030 | 0.064 | 0.080 | 0.124 | 0.027  | 0.000     | 7016.000   | 27624352.000  | 4861.730   |
| 2212  | 0   | 2135  | 0   | 77  | 0   | GET    | /api/isu                                            | 0.012 | 0.184 | 65.948  | 0.030 | 0.056 | 0.064 | 0.100 | 0.021  | 3.000     | 4613.000   | 6787916.000   | 3068.678   |
| 1663  | 0   | 1277  | 0   | 386 | 0   | GET    | /api/isu/[0-9a-f\-]{36}/graph$                      | 0.004 | 0.152 | 40.812  | 0.025 | 0.052 | 0.064 | 0.088 | 0.021  | 0.000     | 8121.000   | 6194959.000   | 3725.171   |
| 2320  | 0   | 2089  | 0   | 231 | 0   | GET    | /api/isu/[0-9a-f\-]{36}$                            | 0.000 | 0.128 | 30.460  | 0.013 | 0.032 | 0.040 | 0.064 | 0.014  | 14.000    | 151.000    | 291964.000    | 125.847    |
| 1252  | 0   | 636   | 0   | 616 | 0   | POST   | /api/auth                                           | 0.004 | 0.076 | 8.664   | 0.007 | 0.016 | 0.024 | 0.044 | 0.009  | 0.000     | 19.000     | 7084.000      | 5.658      |
| 877   | 0   | 405   | 0   | 472 | 0   | GET    | /api/user/me                                        | 0.004 | 0.140 | 4.152   | 0.005 | 0.012 | 0.020 | 0.040 | 0.009  | 21.000    | 41.000     | 25200.000     | 28.734     |
| 55    | 0   | 51    | 0   | 4   | 0   | POST   | /api/isu                                            | 0.052 | 0.108 | 3.180   | 0.058 | 0.072 | 0.084 | 0.108 | 0.019  | 15.000    | 151.000    | 7101.000      | 129.109    |
| 476   | 0   | 397   | 0   | 79  | 0   | POST   | /api/signout                                        | 0.000 | 0.056 | 2.748   | 0.006 | 0.012 | 0.020 | 0.040 | 0.008  | 21.000    | 21.000     | 1659.000      | 3.485      |
| 610   | 0   | 436   | 174 | 0   | 0   | GET    | /assets/vendor.ee7444dd.js                          | 0.008 | 0.012 | 1.396   | 0.002 | 0.004 | 0.004 | 0.012 | 0.002  | 0.000     | 743417.000 | 324129812.000 | 531360.348 |
| 983   | 0   | 838   | 145 | 0   | 0   | GET    | /                                                   | 0.000 | 0.012 | 0.880   | 0.001 | 0.004 | 0.004 | 0.004 | 0.002  | 528.000   | 528.000    | 442464.000    | 450.116    |
| 610   | 0   | 433   | 177 | 0   | 0   | GET    | /assets/favicon.d0f5f504.svg                        | 0.004 | 0.012 | 0.832   | 0.001 | 0.004 | 0.004 | 0.008 | 0.002  | 0.000     | 592.000    | 256336.000    | 420.223    |
| 610   | 0   | 431   | 179 | 0   | 0   | GET    | /assets/index.23dac98b.js                           | 0.000 | 0.008 | 0.748   | 0.001 | 0.004 | 0.004 | 0.008 | 0.002  | 0.000     | 26667.000  | 11493477.000  | 18841.766  |
| 610   | 0   | 433   | 177 | 0   | 0   | GET    | /assets/index.144d8ca8.css                          | 0.008 | 0.008 | 0.656   | 0.001 | 0.004 | 0.004 | 0.008 | 0.002  | 0.000     | 19066.000  | 8255578.000   | 13533.734  |
| 610   | 0   | 433   | 177 | 0   | 0   | GET    | /assets/logo_white.svg                              | 0.004 | 0.008 | 0.652   | 0.001 | 0.004 | 0.004 | 0.008 | 0.002  | 0.000     | 3285.000   | 1422405.000   | 2331.811   |
| 498   | 0   | 431   | 67  | 0   | 0   | GET    | /assets/logo_orange.svg                             | 0.000 | 0.008 | 0.576   | 0.001 | 0.004 | 0.004 | 0.008 | 0.002  | 3288.000  | 3288.000   | 1417128.000   | 2845.639   |
| 1     | 0   | 1     | 0   | 0   | 0   | POST   | /initialize                                         | 0.208 | 0.208 | 0.208   | 0.208 | 0.208 | 0.208 | 0.208 | 0.000  | 23.000    | 23.000     | 23.000        | 23.000     |
| 3     | 0   | 1     | 2   | 0   | 0   | GET    | /isu/8469e6f6-0d29-4052-87cf-dd9bfde45014/condition | 0.004 | 0.004 | 0.004   | 0.001 | 0.004 | 0.004 | 0.004 | 0.002  | 0.000     | 528.000    | 528.000       | 176.000    |
| 1     | 0   | 1     | 0   | 0   | 0   | GET    | /isu/8fb74e6e-4f8d-4a33-9862-dbcdc0712c7e           | 0.004 | 0.004 | 0.004   | 0.004 | 0.004 | 0.004 | 0.004 | 0.000  | 528.000   | 528.000    | 528.000       | 528.000    |
| 1     | 0   | 1     | 0   | 0   | 0   | GET    | /isu/8fb74e6e-4f8d-4a33-9862-dbcdc0712c7e/graph     | 0.000 | 0.000 | 0.000   | 0.000 | 0.000 | 0.000 | 0.000 | 0.000  | 528.000   | 528.000    | 528.000       | 528.000    |
| 3     | 0   | 2     | 1   | 0   | 0   | GET    | /isu/eb104b95-3532-4828-8550-89da717b9667/condition | 0.000 | 0.000 | 0.000   | 0.000 | 0.000 | 0.000 | 0.000 | 0.000  | 0.000     | 528.000    | 1056.000      | 352.000    |
| 1     | 0   | 1     | 0   | 0   | 0   | GET    | /isu/8469e6f6-0d29-4052-87cf-dd9bfde45014           | 0.000 | 0.000 | 0.000   | 0.000 | 0.000 | 0.000 | 0.000 | 0.000  | 528.000   | 528.000    | 528.000       | 528.000    |
| 3     | 0   | 1     | 2   | 0   | 0   | GET    | /isu/8fb74e6e-4f8d-4a33-9862-dbcdc0712c7e/condition | 0.000 | 0.000 | 0.000   | 0.000 | 0.000 | 0.000 | 0.000 | 0.000  | 0.000     | 528.000    | 528.000       | 176.000    |
| 1     | 0   | 1     | 0   | 0   | 0   | GET    | /isu/b82dcff4-8fae-4773-9956-22ab354adb7e           | 0.000 | 0.000 | 0.000   | 0.000 | 0.000 | 0.000 | 0.000 | 0.000  | 528.000   | 528.000    | 528.000       | 528.000    |
| 1     | 0   | 1     | 0   | 0   | 0   | GET    | /isu/b82dcff4-8fae-4773-9956-22ab354adb7e/graph     | 0.000 | 0.000 | 0.000   | 0.000 | 0.000 | 0.000 | 0.000 | 0.000  | 528.000   | 528.000    | 528.000       | 528.000    |
| 3     | 0   | 1     | 2   | 0   | 0   | GET    | /isu/b82dcff4-8fae-4773-9956-22ab354adb7e/condition | 0.000 | 0.000 | 0.000   | 0.000 | 0.000 | 0.000 | 0.000 | 0.000  | 0.000     | 528.000    | 528.000       | 176.000    |
| 1     | 0   | 1     | 0   | 0   | 0   | GET    | /isu/eb104b95-3532-4828-8550-89da717b9667           | 0.000 | 0.000 | 0.000   | 0.000 | 0.000 | 0.000 | 0.000 | 0.000  | 528.000   | 528.000    | 528.000       | 528.000    |
| 1     | 0   | 1     | 0   | 0   | 0   | GET    | /isu/eb104b95-3532-4828-8550-89da717b9667/graph     | 0.000 | 0.000 | 0.000   | 0.000 | 0.000 | 0.000 | 0.000 | 0.000  | 528.000   | 528.000    | 528.000       | 528.000    |
| 1     | 0   | 1     | 0   | 0   | 0   | GET    | /isu/8469e6f6-0d29-4052-87cf-dd9bfde45014/graph     | 0.000 | 0.000 | 0.000   | 0.000 | 0.000 | 0.000 | 0.000 | 0.000  | 528.000   | 528.000    | 528.000       | 528.000    |
| 3     | 0   | 1     | 2   | 0   | 0   | GET    | /isu/15063e10-26fc-4dac-ae3a-1f195e0c6c4a/condition | 0.000 | 0.000 | 0.000   | 0.000 | 0.000 | 0.000 | 0.000 | 0.000  | 0.000     | 528.000    | 528.000       | 176.000    |
| 1     | 0   | 1     | 0   | 0   | 0   | GET    | /isu/cab99f63-bb3a-4648-b6df-376396f2c7ab           | 0.000 | 0.000 | 0.000   | 0.000 | 0.000 | 0.000 | 0.000 | 0.000  | 528.000   | 528.000    | 528.000       | 528.000    |
| 1     | 0   | 1     | 0   | 0   | 0   | GET    | /isu/cab99f63-bb3a-4648-b6df-376396f2c7ab/graph     | 0.000 | 0.000 | 0.000   | 0.000 | 0.000 | 0.000 | 0.000 | 0.000  | 528.000   | 528.000    | 528.000       | 528.000    |
| 3     | 0   | 1     | 2   | 0   | 0   | GET    | /isu/cab99f63-bb3a-4648-b6df-376396f2c7ab/condition | 0.000 | 0.000 | 0.000   | 0.000 | 0.000 | 0.000 | 0.000 | 0.000  | 0.000     | 528.000    | 528.000       | 176.000    |
| 1     | 0   | 1     | 0   | 0   | 0   | GET    | /isu/15063e10-26fc-4dac-ae3a-1f195e0c6c4a/graph     | 0.000 | 0.000 | 0.000   | 0.000 | 0.000 | 0.000 | 0.000 | 0.000  | 528.000   | 528.000    | 528.000       | 528.000    |
| 3     | 0   | 1     | 2   | 0   | 0   | GET    | /register                                           | 0.000 | 0.000 | 0.000   | 0.000 | 0.000 | 0.000 | 0.000 | 0.000  | 0.000     | 528.000    | 528.000       | 176.000    |
| 1     | 0   | 1     | 0   | 0   | 0   | GET    | /isu/15063e10-26fc-4dac-ae3a-1f195e0c6c4a           | 0.000 | 0.000 | 0.000   | 0.000 | 0.000 | 0.000 | 0.000 | 0.000  | 528.000   | 528.000    | 528.000       | 528.000    |
+-------+-----+-------+-----+-----+-----+--------+-----------------------------------------------------+-------+-------+---------+-------+-------+-------+-------+--------+-----------+------------+---------------+------------+
